+1.000000e+001	   +4.806952e+001
+2.200100e+001	   +6.513730e+000
+3.400200e+001	   -2.893953e+001
+4.600300e+001	   -5.879052e+001
+5.800400e+001	   -8.668469e+001
+7.000500e+001	   -1.142581e+002
+8.200600e+001	   -1.390576e+002
+9.400700e+001	   -1.636304e+002
+1.060080e+002	   -1.902381e+002
+1.180090e+002	   -1.785386e+001
+1.300100e+002	   -5.535190e+001
+1.420110e+002	   -7.850636e+001
+1.540120e+002	   -1.042251e+002
+1.660130e+002	   -1.278230e+002
+1.780140e+002	   -1.489087e+002
+1.900150e+002	   -1.732355e+002
+2.020160e+002	   -1.957733e+002
+2.140170e+002	   -2.185119e+002
+2.260180e+002	   -2.434152e+002
+2.380190e+002	   -2.602352e+002
+2.500200e+002	   -4.396491e+002
+2.620210e+002	   -4.829792e+002
+2.740220e+002	   -5.140421e+002
+2.860230e+002	   -5.359995e+002
+2.980240e+002	   -5.604734e+002
+3.100250e+002	   -5.829857e+002
+3.220260e+002	   -6.069367e+002
+3.340270e+002	   -6.274390e+002
+3.460280e+002	   -6.528835e+002
+3.580290e+002	   -6.636237e+002
+3.700300e+002	   -5.359916e+002
+3.820310e+002	   -5.345839e+002
+3.940320e+002	   -5.624813e+002
+4.060330e+002	   -5.841610e+002
+4.180340e+002	   -5.990278e+002
+4.300350e+002	   -6.293849e+002
+4.420360e+002	   -6.504755e+002
+4.540370e+002	   -6.712828e+002
+4.660380e+002	   -5.147968e+002
+4.780390e+002	   -5.411067e+002
+4.900400e+002	   -5.681241e+002
+5.020410e+002	   -7.020292e+002
+5.140420e+002	   -7.928240e+002
+5.260430e+002	   -8.151140e+002
+5.380440e+002	   -8.373103e+002
+5.500450e+002	   -8.606157e+002
+5.620460e+002	   -8.836082e+002
+5.740470e+002	   -9.064703e+002
+5.860480e+002	   -9.293400e+002
+5.980490e+002	   -9.529388e+002
+6.100500e+002	   -9.755424e+002
+6.220510e+002	   -9.976747e+002
+6.340520e+002	   -1.020815e+003
+6.460530e+002	   -1.043111e+003
+6.580540e+002	   -1.066151e+003
+6.700551e+002	   -1.088923e+003
+6.820560e+002	   -1.111682e+003
+6.940570e+002	   -1.134451e+003
+7.060580e+002	   -1.157265e+003
+7.180590e+002	   -1.180048e+003
+7.300601e+002	   -1.202836e+003
+7.420610e+002	   -1.225635e+003
+7.540620e+002	   -1.248442e+003
+7.660630e+002	   -1.271222e+003
+7.780640e+002	   -1.294005e+003
+7.900650e+002	   -1.316817e+003
+8.020660e+002	   -1.339286e+003
+8.140670e+002	   -1.362068e+003
+8.260681e+002	   -1.385179e+003
+8.380690e+002	   -1.407962e+003
+8.500700e+002	   -1.430759e+003
+8.620710e+002	   -1.453542e+003
+8.740720e+002	   -1.476331e+003
+8.860731e+002	   -1.499121e+003
+8.980740e+002	   -1.521611e+003
+9.100750e+002	   -1.544679e+003
+9.220760e+002	   -1.567479e+003
+9.340770e+002	   -1.589934e+003
+9.460781e+002	   -1.613043e+003
+9.580790e+002	   -1.635822e+003
+9.700800e+002	   -1.658596e+003
+9.820811e+002	   -1.681380e+003
+9.940820e+002	   -1.704156e+003
+1.006083e+003	   -1.726943e+003
+1.018084e+003	   -1.749734e+003
+1.030085e+003	   -1.772260e+003
+1.042086e+003	   -1.795287e+003
+1.054087e+003	   -1.818067e+003
+1.066088e+003	   -1.840838e+003
+1.078089e+003	   -1.863632e+003
+1.090090e+003	   -1.886400e+003
+1.102091e+003	   -1.909187e+003
+1.114092e+003	   -1.931959e+003
+1.126093e+003	   -1.954736e+003
+1.138094e+003	   -1.977510e+003
+1.150095e+003	   -2.000283e+003
+1.162096e+003	   -2.023062e+003
+1.174097e+003	   -2.045840e+003
+1.186098e+003	   -2.068614e+003
+1.198099e+003	   -2.091391e+003
+1.210100e+003	   -2.113878e+003
+1.222101e+003	   -2.136945e+003
+1.234102e+003	   -2.159722e+003
+1.246103e+003	   -2.182493e+003
+1.258104e+003	   -2.205259e+003
+1.270105e+003	   -2.227767e+003
+1.282106e+003	   -2.250803e+003
+1.294107e+003	   -2.273599e+003
+1.306108e+003	   -2.296372e+003
+1.318109e+003	   -2.318849e+003
+1.330110e+003	   -2.341911e+003
+1.342111e+003	   -2.364685e+003
+1.354112e+003	   -2.387219e+003
+1.366113e+003	   -2.410234e+003
+1.378114e+003	   -2.433003e+003
+1.390115e+003	   -2.455784e+003
+1.402116e+003	   -2.478552e+003
+1.414117e+003	   -2.501319e+003
+1.426118e+003	   -2.523833e+003
+1.438119e+003	   -2.546864e+003
+1.450120e+003	   -2.569640e+003
+1.462121e+003	   -2.592160e+003
+1.474122e+003	   -2.615189e+003
+1.486123e+003	   -2.637953e+003
+1.498124e+003	   -2.660454e+003
+1.510125e+003	   -2.683255e+003
+1.522126e+003	   -2.706266e+003
+1.534127e+003	   -2.729040e+003
+1.546128e+003	   -2.751819e+003
+1.558129e+003	   -2.774579e+003
+1.570130e+003	   -2.797349e+003
+1.582131e+003	   -2.820132e+003
+1.594132e+003	   -2.842900e+003
+1.606133e+003	   -2.865663e+003
+1.618134e+003	   -2.888436e+003
+1.630135e+003	   -2.911208e+003
+1.642136e+003	   -2.933968e+003
+1.654137e+003	   -2.956479e+003
+1.666138e+003	   -2.979517e+003
+1.678139e+003	   -3.002024e+003
+1.690140e+003	   -3.025060e+003
+1.702141e+003	   -3.047825e+003
+1.714142e+003	   -3.070594e+003
+1.726143e+003	   -3.093360e+003
+1.738144e+003	   -3.116137e+003
+1.750145e+003	   -3.138906e+003
+1.762146e+003	   -3.161673e+003
+1.774147e+003	   -3.184183e+003
+1.786148e+003	   -3.207217e+003
+1.798149e+003	   -3.229981e+003
+1.810150e+003	   -3.252750e+003
+1.822151e+003	   -3.275520e+003
+1.834152e+003	   -3.298286e+003
+1.846153e+003	   -3.321063e+003
+1.858154e+003	   -3.343832e+003
+1.870155e+003	   -3.366594e+003
+1.882156e+003	   -3.389371e+003
+1.894157e+003	   -3.412124e+003
+1.906158e+003	   -3.434907e+003
+1.918159e+003	   -3.457380e+003
+1.930160e+003	   -3.480441e+003
+1.942161e+003	   -3.503214e+003
+1.954162e+003	   -3.525704e+003
+1.966163e+003	   -3.548744e+003
+1.978164e+003	   -3.571221e+003
+1.990165e+003	   -3.594280e+003
+2.002166e+003	   -3.617049e+003
+2.014167e+003	   -3.639816e+003
+2.026168e+003	   -3.662583e+003
+2.038169e+003	   -3.685361e+003
+2.050170e+003	   -3.707816e+003
+2.062171e+003	   -3.730886e+003
+2.074172e+003	   -3.753655e+003
+2.086173e+003	   -3.776423e+003
+2.098174e+003	   -3.798859e+003
+2.110175e+003	   -3.821603e+003
+2.122176e+003	   -3.844719e+003
+2.134177e+003	   -3.867494e+003
+2.146178e+003	   -3.890262e+003
+2.158179e+003	   -3.913029e+003
+2.170180e+003	   -3.935794e+003
+2.182181e+003	   -3.958212e+003
+2.194182e+003	   -3.981333e+003
+2.206183e+003	   -4.004099e+003
+2.218184e+003	   -4.026859e+003
+2.230185e+003	   -4.049631e+003
+2.242186e+003	   -4.072401e+003
+2.254187e+003	   -4.095151e+003
+2.266188e+003	   -4.117936e+003
+2.278189e+003	   -4.140705e+003
+2.290190e+003	   -4.163467e+003
+2.302191e+003	   -4.186131e+003
+2.314192e+003	   -4.209010e+003
+2.326193e+003	   -4.231768e+003
+2.338194e+003	   -4.254539e+003
+2.350195e+003	   -4.277301e+003
+2.362196e+003	   -4.300466e+003
+2.374197e+003	   -4.322829e+003
+2.386198e+003	   -4.346375e+003
+2.398199e+003	   -4.368344e+003
+2.410200e+003	   -4.391106e+003
+2.422201e+003	   -4.413897e+003
+2.434202e+003	   -4.436721e+003
+2.446203e+003	   -4.459375e+003
+2.458204e+003	   -4.482050e+003
+2.470205e+003	   -4.505071e+003
+2.482206e+003	   -4.527309e+003
+2.494207e+003	   -4.547335e+003
+2.506208e+003	   -4.621517e+003
+2.518209e+003	   -4.679621e+003
+2.530210e+003	   -4.626596e+003
+2.542211e+003	   -4.630804e+003
+2.554212e+003	   -4.657224e+003
+2.566213e+003	   -4.685808e+003
+2.578214e+003	   -4.709118e+003
+2.590215e+003	   -4.732793e+003
+2.602216e+003	   -4.758625e+003
+2.614217e+003	   -4.785604e+003
+2.626218e+003	   -4.779117e+003
+2.638219e+003	   -4.617094e+003
+2.650220e+003	   -4.636774e+003
+2.662221e+003	   -4.690566e+003
+2.674222e+003	   -4.718720e+003
+2.686223e+003	   -4.722602e+003
+2.698224e+003	   -4.729752e+003
+2.710225e+003	   -4.721514e+003
+2.722226e+003	   -4.640131e+003
+2.734227e+003	   -4.639141e+003
+2.746228e+003	   -4.660687e+003
+2.758229e+003	   -4.690092e+003
+2.770230e+003	   -4.708965e+003
+2.782231e+003	   -4.736613e+003
+2.794232e+003	   -4.766626e+003
+2.806233e+003	   -4.651386e+003
+2.818234e+003	   -4.614072e+003
+2.830235e+003	   -4.629354e+003
+2.842236e+003	   -4.664471e+003
+2.854237e+003	   -4.689686e+003
+2.866238e+003	   -4.717967e+003
+2.878239e+003	   -4.733899e+003
+2.890240e+003	   -4.764648e+003
+2.902241e+003	   -4.788875e+003
+2.914242e+003	   -4.843368e+003
+2.926243e+003	   -5.016583e+003
+2.938244e+003	   -5.036701e+003
+2.950245e+003	   -5.049573e+003
+2.962246e+003	   -5.080581e+003
+2.974247e+003	   -5.108906e+003
+2.986248e+003	   -5.122516e+003
+2.998249e+003	   -5.145934e+003
+3.010250e+003	   -5.166943e+003
+3.022251e+003	   -5.191896e+003
+3.034252e+003	   -5.210500e+003
+3.046253e+003	   -5.245427e+003
+3.058254e+003	   -5.263549e+003
+3.070255e+003	   -5.289591e+003
+3.082256e+003	   -5.296202e+003
+3.094257e+003	   -5.351734e+003
+3.106258e+003	   -5.349711e+003
+3.118259e+003	   -5.406981e+003
+3.130260e+003	   -5.370984e+003
+3.142261e+003	   -5.320268e+003
+3.154262e+003	   -5.384020e+003
+3.166263e+003	   -5.514054e+003
+3.178264e+003	   -5.517949e+003
+3.190265e+003	   -5.582188e+003
+3.202266e+003	   -5.542698e+003
+3.214267e+003	   -5.575809e+003
+3.226268e+003	   -5.583709e+003
+3.238269e+003	   -5.590954e+003
+3.250270e+003	   -5.614397e+003
+3.262271e+003	   -5.664381e+003
+3.274272e+003	   -5.760815e+003
+3.286273e+003	   -5.615065e+003
+3.298274e+003	   -5.709085e+003
+3.310275e+003	   -5.697823e+003
+3.322276e+003	   -5.805104e+003
+3.334277e+003	   -5.790419e+003
+3.346278e+003	   -5.806836e+003
+3.358279e+003	   -5.833341e+003
+3.370280e+003	   -5.858997e+003
+3.382281e+003	   -5.872911e+003
+3.394282e+003	   -5.914203e+003
+3.406283e+003	   -5.940659e+003
+3.418284e+003	   -6.021424e+003
+3.430285e+003	   -6.129641e+003
+3.442286e+003	   -6.195161e+003
+3.454287e+003	   -6.183356e+003
+3.466288e+003	   -6.213478e+003
+3.478289e+003	   -6.242911e+003
+3.490290e+003	   -6.255338e+003
+3.502291e+003	   -6.292611e+003
+3.514292e+003	   -6.300946e+003
+3.526293e+003	   -6.318287e+003
+3.538294e+003	   -6.342605e+003
+3.550295e+003	   -6.490304e+003
+3.562296e+003	   -6.537447e+003
+3.574297e+003	   -6.606104e+003
+3.586298e+003	   -6.615965e+003
+3.598299e+003	   -6.651739e+003
+3.610300e+003	   -6.667053e+003
+3.622301e+003	   -6.694545e+003
+3.634302e+003	   -6.716151e+003
+3.646303e+003	   -6.819504e+003
+3.658304e+003	   -6.934750e+003
+3.670305e+003	   -6.969151e+003
+3.682306e+003	   -6.987143e+003
+3.694307e+003	   -7.007254e+003
+3.706308e+003	   -7.035598e+003
+3.718309e+003	   -7.055447e+003
+3.730310e+003	   -7.072980e+003
+3.742311e+003	   -7.097086e+003
+3.754312e+003	   -7.118381e+003
+3.766313e+003	   -7.148654e+003
+3.778314e+003	   -7.178680e+003
+3.790315e+003	   -7.199273e+003
+3.802316e+003	   -7.214687e+003
+3.814317e+003	   -7.229782e+003
+3.826318e+003	   -7.317314e+003
+3.838319e+003	   -7.281128e+003
+3.850320e+003	   -7.364789e+003
+3.862321e+003	   -7.525859e+003
+3.874322e+003	   -7.535269e+003
+3.886323e+003	   -7.546861e+003
+3.898324e+003	   -7.591667e+003
+3.910325e+003	   -7.614974e+003
+3.922326e+003	   -7.627668e+003
+3.934327e+003	   -7.451511e+003
+3.946328e+003	   -7.490684e+003
+3.958329e+003	   -7.495559e+003
+3.970330e+003	   -7.532202e+003
+3.982331e+003	   -7.549856e+003
+3.994332e+003	   -7.575336e+003
+4.006333e+003	   -7.598716e+003
+4.018334e+003	   -7.618263e+003
+4.030335e+003	   -7.639005e+003
+4.042336e+003	   -7.670955e+003
+4.054337e+003	   -7.703375e+003
+4.066338e+003	   -7.812132e+003
+4.078339e+003	   -7.912813e+003
+4.090340e+003	   -7.939460e+003
+4.102341e+003	   -7.958076e+003
+4.114342e+003	   -7.986510e+003
+4.126343e+003	   -8.009854e+003
+4.138344e+003	   -8.030645e+003
+4.150345e+003	   -8.049750e+003
+4.162346e+003	   -8.075469e+003
+4.174347e+003	   -8.089037e+003
+4.186348e+003	   -8.134521e+003
+4.198349e+003	   -8.122639e+003
+4.210350e+003	   -7.982287e+003
+4.222351e+003	   -8.025884e+003
+4.234352e+003	   -8.034626e+003
+4.246353e+003	   -8.061617e+003
+4.258354e+003	   -8.082938e+003
+4.270355e+003	   -8.094994e+003
+4.282356e+003	   -8.132070e+003
+4.294357e+003	   -8.162673e+003
+4.306358e+003	   -8.151851e+003
+4.318359e+003	   -8.287552e+003
+4.330360e+003	   -8.378190e+003
+4.342361e+003	   -8.323955e+003
+4.354362e+003	   -8.492809e+003
+4.366363e+003	   -8.672233e+003
+4.378364e+003	   -8.621872e+003
+4.390365e+003	   -8.632345e+003
+4.402366e+003	   -8.727739e+003
+4.414367e+003	   -8.748729e+003
+4.426368e+003	   -8.761923e+003
+4.438369e+003	   -8.781390e+003
+4.450370e+003	   -8.804468e+003
+4.462371e+003	   -8.836586e+003
+4.474372e+003	   -8.844081e+003
+4.486373e+003	   -8.890067e+003
+4.498374e+003	   -8.839236e+003
+4.510375e+003	   -8.734575e+003
+4.522376e+003	   -8.743426e+003
+4.534377e+003	   -8.784751e+003
+4.546378e+003	   -8.798987e+003
+4.558379e+003	   -8.827582e+003
+4.570380e+003	   -8.848418e+003
+4.582381e+003	   -8.873036e+003
+4.594382e+003	   -8.891306e+003
+4.606383e+003	   -8.919824e+003
+4.618384e+003	   -8.938913e+003
+4.630385e+003	   -8.961500e+003
+4.642386e+003	   -8.979792e+003
+4.654387e+003	   -9.013225e+003
+4.666388e+003	   -9.033261e+003
+4.678389e+003	   -9.072633e+003
+4.690390e+003	   -9.074042e+003
+4.702391e+003	   -9.103231e+003
+4.714392e+003	   -9.060067e+003
+4.726393e+003	   -9.075480e+003
+4.738394e+003	   -9.237387e+003
+4.750395e+003	   -9.264819e+003
+4.762396e+003	   -9.253731e+003
+4.774397e+003	   -9.207105e+003
+4.786398e+003	   -9.302278e+003
+4.798399e+003	   -9.281430e+003
+4.810400e+003	   -9.305310e+003
+4.822401e+003	   -9.349870e+003
+4.834402e+003	   -9.303899e+003
+4.846403e+003	   -9.174909e+003
+4.858404e+003	   -9.185388e+003
+4.870405e+003	   -9.245705e+003
+4.882406e+003	   -9.266231e+003
+4.894407e+003	   -9.290381e+003
+4.906408e+003	   -9.298542e+003
+4.918409e+003	   -9.338254e+003
+4.930410e+003	   -9.350764e+003
+4.942411e+003	   -9.378062e+003
+4.954412e+003	   -9.397793e+003
+4.966413e+003	   -9.420884e+003
+4.978414e+003	   -9.447576e+003
+4.990415e+003	   -9.469834e+003
+5.002416e+003	   -9.489395e+003
+5.014417e+003	   -9.506434e+003
+5.026418e+003	   -9.542511e+003
+5.038419e+003	   -9.550129e+003
+5.050420e+003	   -9.566191e+003
+5.062421e+003	   -9.599478e+003
+5.074422e+003	   -9.580437e+003
+5.086423e+003	   -9.584840e+003
+5.098424e+003	   -9.685723e+003
+5.110425e+003	   -9.560246e+003
+5.122426e+003	   -9.530974e+003
+5.134427e+003	   -9.567656e+003
+5.146428e+003	   -9.582217e+003
+5.158429e+003	   -9.604706e+003
+5.170430e+003	   -9.625414e+003
+5.182431e+003	   -9.648395e+003
+5.194432e+003	   -9.671229e+003
+5.206433e+003	   -9.696717e+003
+5.218434e+003	   -9.718360e+003
+5.230435e+003	   -9.738554e+003
+5.242436e+003	   -9.762840e+003
+5.254437e+003	   -9.785524e+003
+5.266438e+003	   -9.807639e+003
+5.278439e+003	   -9.828717e+003
+5.290440e+003	   -9.850088e+003
+5.302441e+003	   -9.889052e+003
+5.314442e+003	   -9.900174e+003
+5.326443e+003	   -9.928869e+003
+5.338444e+003	   -9.966700e+003
+5.350445e+003	   -9.976599e+003
+5.362446e+003	   -9.993318e+003
+5.374447e+003	   -1.000945e+004
+5.386448e+003	   -1.004696e+004
+5.398449e+003	   -1.006760e+004
+5.410450e+003	   -1.007557e+004
+5.422451e+003	   -1.011029e+004
+5.434452e+003	   -1.012703e+004
+5.446453e+003	   -1.014772e+004
+5.458454e+003	   -1.017489e+004
+5.470455e+003	   -1.019732e+004
+5.482456e+003	   -1.021705e+004
+5.494457e+003	   -1.024306e+004
+5.506458e+003	   -1.026530e+004
+5.518459e+003	   -1.028636e+004
+5.530460e+003	   -1.031367e+004
+5.542461e+003	   -1.032968e+004
+5.554462e+003	   -1.035897e+004
+5.566463e+003	   -1.039546e+004
+5.578464e+003	   -1.042514e+004
+5.590465e+003	   -1.024638e+004
+5.602466e+003	   -1.025345e+004
+5.614467e+003	   -1.029776e+004
+5.626468e+003	   -1.038419e+004
+5.638469e+003	   -1.051042e+004
+5.650470e+003	   -1.054365e+004
+5.662471e+003	   -1.055342e+004
+5.674472e+003	   -1.059036e+004
+5.686473e+003	   -1.060477e+004
+5.698474e+003	   -1.063254e+004
+5.710475e+003	   -1.066042e+004
+5.722476e+003	   -1.067505e+004
+5.734477e+003	   -1.069941e+004
+5.746478e+003	   -1.072008e+004
+5.758479e+003	   -1.073882e+004
+5.770480e+003	   -1.076991e+004
+5.782481e+003	   -1.078970e+004
+5.794482e+003	   -1.063394e+004
+5.806483e+003	   -1.064837e+004
+5.818484e+003	   -1.068118e+004
+5.830485e+003	   -1.069939e+004
+5.842486e+003	   -1.072160e+004
+5.854487e+003	   -1.075087e+004
+5.866488e+003	   -1.077088e+004
+5.878489e+003	   -1.078912e+004
+5.890490e+003	   -1.081546e+004
+5.902491e+003	   -1.083159e+004
+5.914492e+003	   -1.085514e+004
+5.926493e+003	   -1.088892e+004
+5.938494e+003	   -1.090201e+004
+5.950495e+003	   -1.091768e+004
+5.962496e+003	   -1.095377e+004
+5.974497e+003	   -1.097170e+004
+5.986498e+003	   -1.099118e+004
+5.998499e+003	   -1.101819e+004
+6.010500e+003	   -1.107399e+004
+6.022501e+003	   -1.106623e+004
+6.034502e+003	   -1.108748e+004
+6.046503e+003	   -1.114368e+004
+6.058504e+003	   -1.115406e+004
+6.070505e+003	   -1.113561e+004
+6.082506e+003	   -1.117775e+004
+6.094507e+003	   -1.119824e+004
+6.106508e+003	   -1.122103e+004
+6.118509e+003	   -1.125439e+004
+6.130510e+003	   -1.125192e+004
+6.142511e+003	   -1.127829e+004
+6.154512e+003	   -1.128406e+004
+6.166513e+003	   -1.140912e+004
+6.178514e+003	   -1.154722e+004
+6.190515e+003	   -1.153626e+004
+6.202516e+003	   -1.158647e+004
+6.214517e+003	   -1.161360e+004
+6.226518e+003	   -1.162837e+004
+6.238519e+003	   -1.165024e+004
+6.250520e+003	   -1.167938e+004
+6.262521e+003	   -1.169985e+004
+6.274522e+003	   -1.172552e+004
+6.286523e+003	   -1.174438e+004
+6.298524e+003	   -1.177064e+004
+6.310525e+003	   -1.179443e+004
+6.322526e+003	   -1.181945e+004
+6.334527e+003	   -1.182741e+004
+6.346528e+003	   -1.187492e+004
+6.358529e+003	   -1.191103e+004
+6.370530e+003	   -1.189013e+004
+6.382531e+003	   -1.187748e+004
+6.394532e+003	   -1.176724e+004
+6.406533e+003	   -1.179678e+004
+6.418534e+003	   -1.181017e+004
+6.430535e+003	   -1.183807e+004
+6.442536e+003	   -1.185810e+004
+6.454537e+003	   -1.188265e+004
+6.466538e+003	   -1.190582e+004
+6.478539e+003	   -1.192366e+004
+6.490540e+003	   -1.195729e+004
+6.502542e+003	   -1.197065e+004
+6.514542e+003	   -1.200130e+004
+6.526543e+003	   -1.193782e+004
+6.538544e+003	   -1.186400e+004
+6.550545e+003	   -1.188956e+004
+6.562546e+003	   -1.191058e+004
+6.574547e+003	   -1.192837e+004
+6.586548e+003	   -1.195479e+004
+6.598549e+003	   -1.197582e+004
+6.610550e+003	   -1.199517e+004
+6.622551e+003	   -1.202054e+004
+6.634552e+003	   -1.203761e+004
+6.646553e+003	   -1.206428e+004
+6.658554e+003	   -1.209179e+004
+6.670555e+003	   -1.210774e+004
+6.682556e+003	   -1.213847e+004
+6.694557e+003	   -1.215004e+004
+6.706558e+003	   -1.217809e+004
+6.718559e+003	   -1.220316e+004
+6.730560e+003	   -1.223438e+004
+6.742562e+003	   -1.225353e+004
+6.754563e+003	   -1.227753e+004
+6.766563e+003	   -1.229075e+004
+6.778564e+003	   -1.231939e+004
+6.790565e+003	   -1.233903e+004
+6.802566e+003	   -1.237004e+004
+6.814567e+003	   -1.238328e+004
+6.826568e+003	   -1.241262e+004
+6.838569e+003	   -1.242708e+004
+6.850570e+003	   -1.243823e+004
+6.862571e+003	   -1.249866e+004
+6.874572e+003	   -1.265555e+004
+6.886573e+003	   -1.270352e+004
+6.898574e+003	   -1.272077e+004
+6.910575e+003	   -1.274861e+004
+6.922576e+003	   -1.277017e+004
+6.934577e+003	   -1.279600e+004
+6.946578e+003	   -1.281830e+004
+6.958579e+003	   -1.283594e+004
+6.970580e+003	   -1.286426e+004
+6.982581e+003	   -1.288547e+004
+6.994583e+003	   -1.290867e+004
+7.006583e+003	   -1.293239e+004
+7.018584e+003	   -1.295204e+004
+7.030585e+003	   -1.297669e+004
+7.042586e+003	   -1.299766e+004
+7.054587e+003	   -1.302733e+004
+7.066588e+003	   -1.304623e+004
+7.078589e+003	   -1.303752e+004
+7.090590e+003	   -1.306841e+004
+7.102591e+003	   -1.294852e+004
+7.114592e+003	   -1.295581e+004
+7.126593e+003	   -1.297490e+004
+7.138594e+003	   -1.300655e+004
+7.150595e+003	   -1.301980e+004
+7.162596e+003	   -1.304837e+004
+7.174597e+003	   -1.308483e+004
+7.186598e+003	   -1.326053e+004
+7.198599e+003	   -1.329370e+004
+7.210600e+003	   -1.332088e+004
+7.222601e+003	   -1.334031e+004
+7.234603e+003	   -1.336466e+004
+7.246604e+003	   -1.338409e+004
+7.258604e+003	   -1.340712e+004
+7.270605e+003	   -1.343076e+004
+7.282606e+003	   -1.345189e+004
+7.294607e+003	   -1.347356e+004
+7.306608e+003	   -1.349921e+004
+7.318609e+003	   -1.352417e+004
+7.330610e+003	   -1.354440e+004
+7.342611e+003	   -1.356819e+004
+7.354612e+003	   -1.359307e+004
+7.366613e+003	   -1.361495e+004
+7.378614e+003	   -1.364837e+004
+7.390615e+003	   -1.362534e+004
+7.402616e+003	   -1.352673e+004
+7.414617e+003	   -1.353013e+004
+7.426618e+003	   -1.355433e+004
+7.438619e+003	   -1.356873e+004
+7.450620e+003	   -1.359091e+004
+7.462621e+003	   -1.361887e+004
+7.474622e+003	   -1.363466e+004
+7.486624e+003	   -1.365994e+004
+7.498625e+003	   -1.368795e+004
+7.510625e+003	   -1.370626e+004
+7.522626e+003	   -1.372982e+004
+7.534627e+003	   -1.373483e+004
+7.546628e+003	   -1.357262e+004
+7.558629e+003	   -1.360400e+004
+7.570630e+003	   -1.363901e+004
+7.582631e+003	   -1.366956e+004
+7.594632e+003	   -1.368821e+004
+7.606633e+003	   -1.370410e+004
+7.618634e+003	   -1.372884e+004
+7.630635e+003	   -1.374905e+004
+7.642636e+003	   -1.377965e+004
+7.654637e+003	   -1.379871e+004
+7.666638e+003	   -1.383217e+004
+7.678639e+003	   -1.386461e+004
+7.690640e+003	   -1.386421e+004
+7.702641e+003	   -1.370829e+004
+7.714642e+003	   -1.372047e+004
+7.726644e+003	   -1.375766e+004
+7.738645e+003	   -1.377326e+004
+7.750646e+003	   -1.379622e+004
+7.762646e+003	   -1.381408e+004
+7.774647e+003	   -1.385719e+004
+7.786648e+003	   -1.393417e+004
+7.798649e+003	   -1.407210e+004
+7.810650e+003	   -1.408871e+004
+7.822651e+003	   -1.411843e+004
+7.834652e+003	   -1.414270e+004
+7.846653e+003	   -1.416239e+004
+7.858654e+003	   -1.418412e+004
+7.870655e+003	   -1.420926e+004
+7.882656e+003	   -1.423749e+004
+7.894657e+003	   -1.425800e+004
+7.906658e+003	   -1.428253e+004
+7.918659e+003	   -1.430461e+004
+7.930660e+003	   -1.432685e+004
+7.942661e+003	   -1.435192e+004
+7.954662e+003	   -1.437260e+004
+7.966664e+003	   -1.441986e+004
+7.978665e+003	   -1.428102e+004
+7.990666e+003	   -1.425663e+004
+8.002667e+003	   -1.428945e+004
+8.014667e+003	   -1.430406e+004
+8.026668e+003	   -1.432242e+004
+8.038669e+003	   -1.434167e+004
+8.050670e+003	   -1.437974e+004
+8.062671e+003	   -1.438608e+004
+8.074672e+003	   -1.441283e+004
+8.086673e+003	   -1.442875e+004
+8.098674e+003	   -1.446110e+004
+8.110675e+003	   -1.447418e+004
+8.122676e+003	   -1.449930e+004
+8.134677e+003	   -1.453952e+004
+8.146678e+003	   -1.455677e+004
+8.158679e+003	   -1.456920e+004
+8.170680e+003	   -1.462056e+004
+8.182681e+003	   -1.461897e+004
+8.194683e+003	   -1.471198e+004
+8.206684e+003	   -1.456409e+004
+8.218685e+003	   -1.451920e+004
+8.230686e+003	   -1.453187e+004
+8.242687e+003	   -1.455835e+004
+8.254688e+003	   -1.457628e+004
+8.266688e+003	   -1.459787e+004
+8.278689e+003	   -1.462350e+004
+8.290690e+003	   -1.464853e+004
+8.302691e+003	   -1.467963e+004
+8.314692e+003	   -1.469001e+004
+8.326693e+003	   -1.470231e+004
+8.338694e+003	   -1.455026e+004
+8.350695e+003	   -1.458938e+004
+8.362696e+003	   -1.460562e+004
+8.374697e+003	   -1.462939e+004
+8.386698e+003	   -1.465207e+004
+8.398699e+003	   -1.466934e+004
+8.410700e+003	   -1.469458e+004
+8.422701e+003	   -1.471811e+004
+8.434702e+003	   -1.473946e+004
+8.446703e+003	   -1.476020e+004
+8.458704e+003	   -1.478489e+004
+8.470705e+003	   -1.480920e+004
+8.482706e+003	   -1.482559e+004
+8.494707e+003	   -1.484207e+004
+8.506708e+003	   -1.469921e+004
+8.518709e+003	   -1.472422e+004
+8.530710e+003	   -1.474363e+004
+8.542711e+003	   -1.476253e+004
+8.554712e+003	   -1.478741e+004
+8.566713e+003	   -1.480775e+004
+8.578715e+003	   -1.483222e+004
+8.590716e+003	   -1.485334e+004
+8.602717e+003	   -1.487847e+004
+8.614718e+003	   -1.490022e+004
+8.626719e+003	   -1.492360e+004
+8.638720e+003	   -1.494694e+004
+8.650721e+003	   -1.497513e+004
+8.662722e+003	   -1.498596e+004
+8.674723e+003	   -1.501110e+004
+8.686724e+003	   -1.503374e+004
+8.698725e+003	   -1.507339e+004
+8.710726e+003	   -1.508620e+004
+8.722727e+003	   -1.510229e+004
+8.734728e+003	   -1.513035e+004
+8.746729e+003	   -1.514556e+004
+8.758729e+003	   -1.517105e+004
+8.770730e+003	   -1.519944e+004
+8.782731e+003	   -1.522104e+004
+8.794732e+003	   -1.524112e+004
+8.806733e+003	   -1.526122e+004
+8.818734e+003	   -1.529289e+004
+8.830735e+003	   -1.530785e+004
+8.842736e+003	   -1.514988e+004
+8.854737e+003	   -1.518317e+004
+8.866738e+003	   -1.519585e+004
+8.878739e+003	   -1.521933e+004
+8.890740e+003	   -1.524171e+004
+8.902741e+003	   -1.526477e+004
+8.914742e+003	   -1.529025e+004
+8.926743e+003	   -1.531517e+004
+8.938744e+003	   -1.533327e+004
+8.950745e+003	   -1.534976e+004
+8.962746e+003	   -1.538426e+004
+8.974747e+003	   -1.539954e+004
+8.986748e+003	   -1.544666e+004
+8.998749e+003	   -1.559112e+004
+9.010750e+003	   -1.564332e+004
+9.022751e+003	   -1.567658e+004
+9.034752e+003	   -1.570060e+004
+9.046753e+003	   -1.570995e+004
+9.058754e+003	   -1.573261e+004
+9.070756e+003	   -1.575084e+004
+9.082757e+003	   -1.561354e+004
+9.094758e+003	   -1.562852e+004
+9.106759e+003	   -1.564979e+004
+9.118760e+003	   -1.567321e+004
+9.130761e+003	   -1.570734e+004
+9.142762e+003	   -1.572115e+004
+9.154763e+003	   -1.574692e+004
+9.166764e+003	   -1.576958e+004
+9.178765e+003	   -1.578601e+004
+9.190766e+003	   -1.582154e+004
+9.202767e+003	   -1.564237e+004
+9.214768e+003	   -1.568615e+004
+9.226769e+003	   -1.570184e+004
+9.238770e+003	   -1.572977e+004
+9.250771e+003	   -1.575077e+004
+9.262771e+003	   -1.577231e+004
+9.274772e+003	   -1.579829e+004
+9.286773e+003	   -1.581302e+004
+9.298774e+003	   -1.583496e+004
+9.310775e+003	   -1.585658e+004
+9.322776e+003	   -1.586258e+004
+9.334777e+003	   -1.571166e+004
+9.346778e+003	   -1.575090e+004
+9.358779e+003	   -1.577259e+004
+9.370780e+003	   -1.579606e+004
+9.382781e+003	   -1.581566e+004
+9.394782e+003	   -1.583989e+004
+9.406783e+003	   -1.586661e+004
+9.418784e+003	   -1.588173e+004
+9.430785e+003	   -1.591195e+004
+9.442786e+003	   -1.593172e+004
+9.454787e+003	   -1.594089e+004
+9.466788e+003	   -1.597419e+004
+9.478789e+003	   -1.600752e+004
+9.490790e+003	   -1.590225e+004
+9.502791e+003	   -1.601758e+004
+9.514792e+003	   -1.608084e+004
+9.526793e+003	   -1.609504e+004
+9.538794e+003	   -1.611581e+004
+9.550795e+003	   -1.614266e+004
+9.562797e+003	   -1.616044e+004
+9.574798e+003	   -1.618233e+004
+9.586799e+003	   -1.620609e+004
+9.598800e+003	   -1.622699e+004
+9.610801e+003	   -1.624876e+004
+9.622802e+003	   -1.627072e+004
+9.634803e+003	   -1.629597e+004
+9.646804e+003	   -1.631138e+004
+9.658805e+003	   -1.632676e+004
+9.670806e+003	   -1.617086e+004
+9.682807e+003	   -1.620181e+004
+9.694808e+003	   -1.622660e+004
+9.706809e+003	   -1.625151e+004
+9.718810e+003	   -1.627548e+004
+9.730811e+003	   -1.629603e+004
+9.742812e+003	   -1.631921e+004
+9.754813e+003	   -1.634254e+004
+9.766813e+003	   -1.636540e+004
+9.778814e+003	   -1.638808e+004
+9.790815e+003	   -1.641035e+004
+9.802816e+003	   -1.643431e+004
+9.814817e+003	   -1.645648e+004
+9.826818e+003	   -1.647772e+004
+9.838819e+003	   -1.650318e+004
+9.850820e+003	   -1.652665e+004
+9.862821e+003	   -1.654793e+004
+9.874822e+003	   -1.658555e+004
+9.886823e+003	   -1.657018e+004
+9.898824e+003	   -1.643368e+004
+9.910825e+003	   -1.644838e+004
+9.922826e+003	   -1.648930e+004
+9.934827e+003	   -1.651189e+004
+9.946828e+003	   -1.652476e+004
+9.958829e+003	   -1.655227e+004
+9.970830e+003	   -1.658232e+004
+9.982831e+003	   -1.659753e+004
+9.994832e+003	   -1.661496e+004
+1.000683e+004	   -1.662838e+004
+1.001883e+004	   -1.666995e+004
+1.003083e+004	   -1.668332e+004
+1.004284e+004	   -1.670219e+004
+1.005484e+004	   -1.671406e+004
+1.006684e+004	   -1.675304e+004
+1.007884e+004	   -1.680251e+004
+1.009084e+004	   -1.680229e+004
+1.010284e+004	   -1.670119e+004
+1.011484e+004	   -1.687861e+004
+1.012684e+004	   -1.689843e+004
+1.013884e+004	   -1.702017e+004
+1.015085e+004	   -1.715579e+004
+1.016285e+004	   -1.716278e+004
+1.017485e+004	   -1.711996e+004
+1.018685e+004	   -1.714652e+004
+1.019885e+004	   -1.717772e+004
+1.021085e+004	   -1.720878e+004
+1.022285e+004	   -1.722991e+004
+1.023485e+004	   -1.725429e+004
+1.024685e+004	   -1.726946e+004
+1.025885e+004	   -1.729031e+004
+1.027086e+004	   -1.731876e+004
+1.028286e+004	   -1.743545e+004
+1.029486e+004	   -1.754325e+004
+1.030686e+004	   -1.758149e+004
+1.031886e+004	   -1.759788e+004
+1.033086e+004	   -1.761858e+004
+1.034286e+004	   -1.763868e+004
+1.035486e+004	   -1.766438e+004
+1.036686e+004	   -1.769316e+004
+1.037886e+004	   -1.771374e+004
+1.039087e+004	   -1.772455e+004
+1.040287e+004	   -1.759312e+004
+1.041487e+004	   -1.760603e+004
+1.042687e+004	   -1.760686e+004
+1.043887e+004	   -1.763978e+004
+1.045087e+004	   -1.766458e+004
+1.046287e+004	   -1.768623e+004
+1.047487e+004	   -1.770976e+004
+1.048687e+004	   -1.773275e+004
+1.049887e+004	   -1.775466e+004
+1.051088e+004	   -1.777829e+004
+1.052288e+004	   -1.780072e+004
+1.053488e+004	   -1.782189e+004
+1.054688e+004	   -1.784732e+004
+1.055888e+004	   -1.786712e+004
+1.057088e+004	   -1.789089e+004
+1.058288e+004	   -1.791499e+004
+1.059488e+004	   -1.793732e+004
+1.060688e+004	   -1.796042e+004
+1.061888e+004	   -1.797760e+004
+1.063089e+004	   -1.800414e+004
+1.064289e+004	   -1.802707e+004
+1.065489e+004	   -1.804249e+004
+1.066689e+004	   -1.807313e+004
+1.067889e+004	   -1.808625e+004
+1.069089e+004	   -1.811709e+004
+1.070289e+004	   -1.810932e+004
+1.071489e+004	   -1.800194e+004
+1.072689e+004	   -1.798649e+004
+1.073889e+004	   -1.801801e+004
+1.075090e+004	   -1.805590e+004
+1.076290e+004	   -1.806438e+004
+1.077490e+004	   -1.809006e+004
+1.078690e+004	   -1.812482e+004
+1.079890e+004	   -1.815029e+004
+1.081090e+004	   -1.816226e+004
+1.082290e+004	   -1.818549e+004
+1.083490e+004	   -1.821443e+004
+1.084690e+004	   -1.823255e+004
+1.085890e+004	   -1.825635e+004
+1.087091e+004	   -1.827912e+004
+1.088291e+004	   -1.830228e+004
+1.089491e+004	   -1.832744e+004
+1.090691e+004	   -1.834920e+004
+1.091891e+004	   -1.837427e+004
+1.093091e+004	   -1.839484e+004
+1.094291e+004	   -1.841939e+004
+1.095491e+004	   -1.843434e+004
+1.096691e+004	   -1.846600e+004
+1.097891e+004	   -1.848255e+004
+1.099092e+004	   -1.830446e+004
+1.100292e+004	   -1.834302e+004
+1.101492e+004	   -1.838332e+004
+1.102692e+004	   -1.839678e+004
+1.103892e+004	   -1.841752e+004
+1.105092e+004	   -1.844138e+004
+1.106292e+004	   -1.845797e+004
+1.107492e+004	   -1.848564e+004
+1.108692e+004	   -1.850763e+004
+1.109892e+004	   -1.853278e+004
+1.111093e+004	   -1.855580e+004
+1.112293e+004	   -1.857979e+004
+1.113493e+004	   -1.859482e+004
+1.114693e+004	   -1.865626e+004
+1.115893e+004	   -1.864534e+004
+1.117093e+004	   -1.870648e+004
+1.118293e+004	   -1.874010e+004
+1.119493e+004	   -1.869581e+004
+1.120693e+004	   -1.872550e+004
+1.121893e+004	   -1.875178e+004
+1.123094e+004	   -1.878267e+004
+1.124294e+004	   -1.880509e+004
+1.125494e+004	   -1.882516e+004
+1.126694e+004	   -1.885429e+004
+1.127894e+004	   -1.887313e+004
+1.129094e+004	   -1.889659e+004
+1.130294e+004	   -1.891851e+004
+1.131494e+004	   -1.894099e+004
+1.132694e+004	   -1.897025e+004
+1.133894e+004	   -1.899562e+004
+1.135095e+004	   -1.900838e+004
+1.136295e+004	   -1.903575e+004
+1.137495e+004	   -1.886866e+004
+1.138695e+004	   -1.888489e+004
+1.139895e+004	   -1.892719e+004
+1.141095e+004	   -1.894229e+004
+1.142295e+004	   -1.895997e+004
+1.143495e+004	   -1.898404e+004
+1.144695e+004	   -1.901934e+004
+1.145895e+004	   -1.903060e+004
+1.147096e+004	   -1.906067e+004
+1.148296e+004	   -1.906945e+004
+1.149496e+004	   -1.910388e+004
+1.150696e+004	   -1.911465e+004
+1.151896e+004	   -1.896105e+004
+1.153096e+004	   -1.898562e+004
+1.154296e+004	   -1.900084e+004
+1.155496e+004	   -1.902374e+004
+1.156696e+004	   -1.907313e+004
+1.157896e+004	   -1.908151e+004
+1.159097e+004	   -1.900014e+004
+1.160297e+004	   -1.893811e+004
+1.161497e+004	   -1.897394e+004
+1.162697e+004	   -1.899086e+004
+1.163897e+004	   -1.901247e+004
+1.165097e+004	   -1.904183e+004
+1.166297e+004	   -1.905937e+004
+1.167497e+004	   -1.908357e+004
+1.168697e+004	   -1.910800e+004
+1.169897e+004	   -1.913151e+004
+1.171098e+004	   -1.915408e+004
+1.172298e+004	   -1.917780e+004
+1.173498e+004	   -1.919288e+004
+1.174698e+004	   -1.922574e+004
+1.175898e+004	   -1.929258e+004
+1.177098e+004	   -1.943381e+004
+1.178298e+004	   -1.946362e+004
+1.179498e+004	   -1.949367e+004
+1.180698e+004	   -1.951215e+004
+1.181898e+004	   -1.953969e+004
+1.183099e+004	   -1.955604e+004
+1.184299e+004	   -1.958481e+004
+1.185499e+004	   -1.960509e+004
+1.186699e+004	   -1.963178e+004
+1.187899e+004	   -1.965448e+004
+1.189099e+004	   -1.971144e+004
+1.190299e+004	   -1.987763e+004
+1.191499e+004	   -1.989993e+004
+1.192699e+004	   -1.991812e+004
+1.193899e+004	   -1.994926e+004
+1.195100e+004	   -1.997183e+004
+1.196300e+004	   -1.999283e+004
+1.197500e+004	   -2.001179e+004
+1.198700e+004	   -2.003798e+004
+1.199900e+004	   -2.006173e+004
+1.201100e+004	   -2.008701e+004
+1.202300e+004	   -2.010617e+004
+1.203500e+004	   -2.013014e+004
+1.204700e+004	   -2.013941e+004
+1.205900e+004	   -2.017574e+004
+1.207101e+004	   -2.001135e+004
+1.208301e+004	   -2.004620e+004
+1.209501e+004	   -2.006685e+004
+1.210701e+004	   -2.008426e+004
+1.211901e+004	   -2.010443e+004
+1.213101e+004	   -2.013118e+004
+1.214301e+004	   -2.015493e+004
+1.215501e+004	   -2.018217e+004
+1.216701e+004	   -2.020070e+004
+1.217901e+004	   -2.022242e+004
+1.219102e+004	   -2.023722e+004
+1.220302e+004	   -2.026443e+004
+1.221502e+004	   -2.029595e+004
+1.222702e+004	   -2.030529e+004
+1.223902e+004	   -2.034458e+004
+1.225102e+004	   -2.029084e+004
+1.226302e+004	   -2.014140e+004
+1.227502e+004	   -2.022204e+004
+1.228702e+004	   -2.023418e+004
+1.229902e+004	   -2.026212e+004
+1.231103e+004	   -2.028197e+004
+1.232303e+004	   -2.030676e+004
+1.233503e+004	   -2.033086e+004
+1.234703e+004	   -2.036956e+004
+1.235903e+004	   -2.038064e+004
+1.237103e+004	   -2.040336e+004
+1.238303e+004	   -2.042362e+004
+1.239503e+004	   -2.042638e+004
+1.240703e+004	   -2.046035e+004
+1.241903e+004	   -2.031635e+004
+1.243104e+004	   -2.033315e+004
+1.244304e+004	   -2.037667e+004
+1.245504e+004	   -2.038009e+004
+1.246704e+004	   -2.040092e+004
+1.247904e+004	   -2.042437e+004
+1.249104e+004	   -2.044774e+004
+1.250304e+004	   -2.048208e+004
+1.251504e+004	   -2.049788e+004
+1.252704e+004	   -2.052348e+004
+1.253904e+004	   -2.052533e+004
+1.255105e+004	   -2.056847e+004
+1.256305e+004	   -2.059420e+004
+1.257505e+004	   -2.061273e+004
+1.258705e+004	   -2.062976e+004
+1.259905e+004	   -2.064982e+004
+1.261105e+004	   -2.067880e+004
+1.262305e+004	   -2.069938e+004
+1.263505e+004	   -2.072389e+004
+1.264705e+004	   -2.073499e+004
+1.265905e+004	   -2.075850e+004
+1.267106e+004	   -2.080503e+004
+1.268306e+004	   -2.081860e+004
+1.269506e+004	   -2.085084e+004
+1.270706e+004	   -2.086669e+004
+1.271906e+004	   -2.089260e+004
+1.273106e+004	   -2.089940e+004
+1.274306e+004	   -2.093388e+004
+1.275506e+004	   -2.094343e+004
+1.276706e+004	   -2.098258e+004
+1.277906e+004	   -2.099790e+004
+1.279107e+004	   -2.101116e+004
+1.280307e+004	   -2.106292e+004
+1.281507e+004	   -2.107285e+004
+1.282707e+004	   -2.109493e+004
+1.283907e+004	   -2.112208e+004
+1.285107e+004	   -2.113254e+004
+1.286307e+004	   -2.116568e+004
+1.287507e+004	   -2.116232e+004
+1.288707e+004	   -2.119642e+004
+1.289907e+004	   -2.120387e+004
+1.291108e+004	   -2.125221e+004
+1.292308e+004	   -2.127933e+004
+1.293508e+004	   -2.129656e+004
+1.294708e+004	   -2.130514e+004
+1.295908e+004	   -2.134071e+004
+1.297108e+004	   -2.136921e+004
+1.298308e+004	   -2.138437e+004
+1.299508e+004	   -2.141004e+004
+1.300708e+004	   -2.144152e+004
+1.301908e+004	   -2.145578e+004
+1.303109e+004	   -2.148875e+004
+1.304309e+004	   -2.150270e+004
+1.305509e+004	   -2.152650e+004
+1.306709e+004	   -2.154791e+004
+1.307909e+004	   -2.156229e+004
+1.309109e+004	   -2.159130e+004
+1.310309e+004	   -2.160380e+004
+1.311509e+004	   -2.163505e+004
+1.312709e+004	   -2.147864e+004
+1.313909e+004	   -2.153174e+004
+1.315110e+004	   -2.152088e+004
+1.316310e+004	   -2.155165e+004
+1.317510e+004	   -2.157030e+004
+1.318710e+004	   -2.157931e+004
+1.319910e+004	   -2.162178e+004
+1.321110e+004	   -2.162495e+004
+1.322310e+004	   -2.168871e+004
+1.323510e+004	   -2.186603e+004
+1.324710e+004	   -2.190244e+004
+1.325910e+004	   -2.191437e+004
+1.327111e+004	   -2.193631e+004
+1.328311e+004	   -2.195842e+004
+1.329511e+004	   -2.197922e+004
+1.330711e+004	   -2.200120e+004
+1.331911e+004	   -2.202533e+004
+1.333111e+004	   -2.204539e+004
+1.334311e+004	   -2.206966e+004
+1.335511e+004	   -2.209339e+004
+1.336711e+004	   -2.211571e+004
+1.337911e+004	   -2.213893e+004
+1.339112e+004	   -2.215982e+004
+1.340312e+004	   -2.218515e+004
+1.341512e+004	   -2.220712e+004
+1.342712e+004	   -2.222578e+004
+1.343912e+004	   -2.224553e+004
+1.345112e+004	   -2.221400e+004
+1.346312e+004	   -2.223232e+004
+1.347512e+004	   -2.216816e+004
+1.348712e+004	   -2.212922e+004
+1.349913e+004	   -2.217653e+004
+1.351113e+004	   -2.202189e+004
+1.352313e+004	   -2.204518e+004
+1.353513e+004	   -2.207233e+004
+1.354713e+004	   -2.209278e+004
+1.355913e+004	   -2.211397e+004
+1.357113e+004	   -2.213740e+004
+1.358313e+004	   -2.216471e+004
+1.359513e+004	   -2.218489e+004
+1.360713e+004	   -2.221039e+004
+1.361913e+004	   -2.224093e+004
+1.363114e+004	   -2.225058e+004
+1.364314e+004	   -2.227223e+004
+1.365514e+004	   -2.227324e+004
+1.366714e+004	   -2.236886e+004
+1.367914e+004	   -2.254290e+004
+1.369114e+004	   -2.254803e+004
+1.370314e+004	   -2.257569e+004
+1.371514e+004	   -2.259693e+004
+1.372714e+004	   -2.261828e+004
+1.373914e+004	   -2.264068e+004
+1.375115e+004	   -2.266475e+004
+1.376315e+004	   -2.268624e+004
+1.377515e+004	   -2.270771e+004
+1.378715e+004	   -2.273404e+004
+1.379915e+004	   -2.275112e+004
+1.381115e+004	   -2.277662e+004
+1.382315e+004	   -2.280571e+004
+1.383515e+004	   -2.281767e+004
+1.384715e+004	   -2.285565e+004
+1.385915e+004	   -2.268463e+004
+1.387116e+004	   -2.271383e+004
+1.388316e+004	   -2.272708e+004
+1.389516e+004	   -2.274811e+004
+1.390716e+004	   -2.277844e+004
+1.391916e+004	   -2.280133e+004
+1.393116e+004	   -2.282492e+004
+1.394316e+004	   -2.283423e+004
+1.395516e+004	   -2.289095e+004
+1.396716e+004	   -2.291353e+004
+1.397917e+004	   -2.293219e+004
+1.399117e+004	   -2.295501e+004
+1.400317e+004	   -2.297289e+004
+1.401517e+004	   -2.294874e+004
+1.402717e+004	   -2.303526e+004
+1.403917e+004	   -2.302812e+004
+1.405117e+004	   -2.305260e+004
+1.406317e+004	   -2.304173e+004
+1.407517e+004	   -2.303834e+004
+1.408717e+004	   -2.309072e+004
+1.409917e+004	   -2.312231e+004
+1.411118e+004	   -2.297279e+004
+1.412318e+004	   -2.301049e+004
+1.413518e+004	   -2.303565e+004
+1.414718e+004	   -2.305184e+004
+1.415918e+004	   -2.307260e+004
+1.417118e+004	   -2.311812e+004
+1.418318e+004	   -2.312467e+004
+1.419518e+004	   -2.309499e+004
+1.420718e+004	   -2.301067e+004
+1.421918e+004	   -2.302349e+004
+1.423119e+004	   -2.302177e+004
+1.424319e+004	   -2.305871e+004
+1.425519e+004	   -2.307938e+004
+1.426719e+004	   -2.310257e+004
+1.427919e+004	   -2.312446e+004
+1.429119e+004	   -2.314947e+004
+1.430319e+004	   -2.317055e+004
+1.431519e+004	   -2.319383e+004
+1.432719e+004	   -2.321454e+004
+1.433919e+004	   -2.323550e+004
+1.435120e+004	   -2.326127e+004
+1.436320e+004	   -2.328395e+004
+1.437520e+004	   -2.330810e+004
+1.438720e+004	   -2.332683e+004
+1.439920e+004	   -2.336051e+004
+1.441120e+004	   -2.352632e+004
+1.442320e+004	   -2.360012e+004
+1.443520e+004	   -2.361434e+004
+1.444720e+004	   -2.362914e+004
+1.445921e+004	   -2.364583e+004
+1.447121e+004	   -2.367179e+004
+1.448321e+004	   -2.369376e+004
+1.449521e+004	   -2.372571e+004
+1.450721e+004	   -2.373950e+004
+1.451921e+004	   -2.376539e+004
+1.453121e+004	   -2.377075e+004
+1.454321e+004	   -2.376662e+004
+1.455521e+004	   -2.364167e+004
+1.456721e+004	   -2.366907e+004
+1.457921e+004	   -2.371837e+004
+1.459122e+004	   -2.371342e+004
+1.460322e+004	   -2.374613e+004
+1.461522e+004	   -2.374787e+004
+1.462722e+004	   -2.384431e+004
+1.463922e+004	   -2.398551e+004
+1.465122e+004	   -2.401843e+004
+1.466322e+004	   -2.403513e+004
+1.467522e+004	   -2.404697e+004
+1.468722e+004	   -2.408108e+004
+1.469922e+004	   -2.410155e+004
+1.471123e+004	   -2.412784e+004
+1.472323e+004	   -2.414835e+004
+1.473523e+004	   -2.417538e+004
+1.474723e+004	   -2.418475e+004
+1.475923e+004	   -2.421733e+004
+1.477123e+004	   -2.422972e+004
+1.478323e+004	   -2.426089e+004
+1.479523e+004	   -2.428416e+004
+1.480723e+004	   -2.430762e+004
+1.481923e+004	   -2.433028e+004
+1.483124e+004	   -2.435624e+004
+1.484324e+004	   -2.437834e+004
+1.485524e+004	   -2.439845e+004
+1.486724e+004	   -2.442193e+004
+1.487924e+004	   -2.444199e+004
+1.489124e+004	   -2.446781e+004
+1.490324e+004	   -2.449193e+004
+1.491524e+004	   -2.451392e+004
+1.492724e+004	   -2.453267e+004
+1.493924e+004	   -2.456163e+004
+1.495125e+004	   -2.460216e+004
+1.496325e+004	   -2.443828e+004
+1.497525e+004	   -2.444897e+004
+1.498725e+004	   -2.446456e+004
+1.499925e+004	   -2.449205e+004
+1.501125e+004	   -2.451775e+004
+1.502325e+004	   -2.453375e+004
+1.503525e+004	   -2.456122e+004
+1.504725e+004	   -2.458676e+004
+1.505925e+004	   -2.460474e+004
+1.507126e+004	   -2.470977e+004
+1.508326e+004	   -2.482978e+004
+1.509526e+004	   -2.485644e+004
+1.510726e+004	   -2.487969e+004
+1.511926e+004	   -2.489738e+004
+1.513126e+004	   -2.492321e+004
+1.514326e+004	   -2.494239e+004
+1.515526e+004	   -2.496621e+004
+1.516726e+004	   -2.498943e+004
+1.517926e+004	   -2.500654e+004
+1.519127e+004	   -2.503265e+004
+1.520327e+004	   -2.505893e+004
+1.521527e+004	   -2.509472e+004
+1.522727e+004	   -2.497983e+004
+1.523927e+004	   -2.508044e+004
+1.525127e+004	   -2.496095e+004
+1.526327e+004	   -2.497992e+004
+1.527527e+004	   -2.502646e+004
+1.528727e+004	   -2.504703e+004
+1.529927e+004	   -2.503755e+004
+1.531128e+004	   -2.493187e+004
+1.532328e+004	   -2.495295e+004
+1.533528e+004	   -2.494046e+004
+1.534728e+004	   -2.497550e+004
+1.535928e+004	   -2.498259e+004
+1.537128e+004	   -2.501573e+004
+1.538328e+004	   -2.503596e+004
+1.539528e+004	   -2.506253e+004
+1.540728e+004	   -2.506898e+004
+1.541928e+004	   -2.500279e+004
+1.543129e+004	   -2.491387e+004
+1.544329e+004	   -2.498154e+004
+1.545529e+004	   -2.499300e+004
+1.546729e+004	   -2.502032e+004
+1.547929e+004	   -2.503853e+004
+1.549129e+004	   -2.506429e+004
+1.550329e+004	   -2.508818e+004
+1.551529e+004	   -2.509833e+004
+1.552729e+004	   -2.512583e+004
+1.553929e+004	   -2.515331e+004
+1.555130e+004	   -2.518140e+004
+1.556330e+004	   -2.519133e+004
+1.557530e+004	   -2.525879e+004
+1.558730e+004	   -2.543409e+004
+1.559930e+004	   -2.544096e+004
+1.561130e+004	   -2.547784e+004
+1.562330e+004	   -2.550561e+004
+1.563530e+004	   -2.550246e+004
+1.564730e+004	   -2.554693e+004
+1.565930e+004	   -2.540302e+004
+1.567131e+004	   -2.541706e+004
+1.568331e+004	   -2.542741e+004
+1.569531e+004	   -2.544929e+004
+1.570731e+004	   -2.547520e+004
+1.571931e+004	   -2.549848e+004
+1.573131e+004	   -2.551955e+004
+1.574331e+004	   -2.554081e+004
+1.575531e+004	   -2.556369e+004
+1.576731e+004	   -2.558618e+004
+1.577931e+004	   -2.561132e+004
+1.579132e+004	   -2.563387e+004
+1.580332e+004	   -2.565650e+004
+1.581532e+004	   -2.567830e+004
+1.582732e+004	   -2.570214e+004
+1.583932e+004	   -2.572597e+004
+1.585132e+004	   -2.574922e+004
+1.586332e+004	   -2.576980e+004
+1.587532e+004	   -2.580076e+004
+1.588732e+004	   -2.569475e+004
+1.589932e+004	   -2.565603e+004
+1.591133e+004	   -2.567360e+004
+1.592333e+004	   -2.569913e+004
+1.593533e+004	   -2.572351e+004
+1.594733e+004	   -2.574393e+004
+1.595933e+004	   -2.576967e+004
+1.597133e+004	   -2.578977e+004
+1.598333e+004	   -2.581664e+004
+1.599533e+004	   -2.584199e+004
+1.600733e+004	   -2.586295e+004
+1.601933e+004	   -2.588285e+004
+1.603134e+004	   -2.590809e+004
+1.604334e+004	   -2.592626e+004
+1.605534e+004	   -2.595149e+004
+1.606734e+004	   -2.597668e+004
+1.607934e+004	   -2.600800e+004
+1.609134e+004	   -2.602437e+004
+1.610334e+004	   -2.607342e+004
+1.611534e+004	   -2.589370e+004
+1.612734e+004	   -2.590930e+004
+1.613934e+004	   -2.592763e+004
+1.615135e+004	   -2.595313e+004
+1.616335e+004	   -2.597782e+004
+1.617535e+004	   -2.599862e+004
+1.618735e+004	   -2.602934e+004
+1.619935e+004	   -2.603018e+004
+1.621135e+004	   -2.606647e+004
+1.622335e+004	   -2.608170e+004
+1.623535e+004	   -2.593630e+004
+1.624735e+004	   -2.596647e+004
+1.625935e+004	   -2.598125e+004
+1.627136e+004	   -2.600388e+004
+1.628336e+004	   -2.602345e+004
+1.629536e+004	   -2.605063e+004
+1.630736e+004	   -2.607274e+004
+1.631936e+004	   -2.609409e+004
+1.633136e+004	   -2.611430e+004
+1.634336e+004	   -2.614252e+004
+1.635536e+004	   -2.615945e+004
+1.636736e+004	   -2.619730e+004
+1.637936e+004	   -2.603443e+004
+1.639137e+004	   -2.605789e+004
+1.640337e+004	   -2.607320e+004
+1.641537e+004	   -2.609205e+004
+1.642737e+004	   -2.612055e+004
+1.643937e+004	   -2.614307e+004
+1.645137e+004	   -2.616689e+004
+1.646337e+004	   -2.619047e+004
+1.647537e+004	   -2.621933e+004
+1.648737e+004	   -2.622323e+004
+1.649938e+004	   -2.631308e+004
+1.651138e+004	   -2.648451e+004
+1.652338e+004	   -2.647975e+004
+1.653538e+004	   -2.650575e+004
+1.654738e+004	   -2.652773e+004
+1.655938e+004	   -2.654827e+004
+1.657138e+004	   -2.657692e+004
+1.658338e+004	   -2.659449e+004
+1.659538e+004	   -2.661770e+004
+1.660738e+004	   -2.664728e+004
+1.661938e+004	   -2.666425e+004
+1.663138e+004	   -2.669728e+004
+1.664339e+004	   -2.671517e+004
+1.665539e+004	   -2.670397e+004
+1.666739e+004	   -2.656949e+004
+1.667939e+004	   -2.660375e+004
+1.669139e+004	   -2.663125e+004
+1.670339e+004	   -2.663804e+004
+1.671539e+004	   -2.666669e+004
+1.672739e+004	   -2.668000e+004
+1.673939e+004	   -2.669722e+004
+1.675140e+004	   -2.672462e+004
+1.676340e+004	   -2.659934e+004
+1.677540e+004	   -2.660595e+004
+1.678740e+004	   -2.662906e+004
+1.679940e+004	   -2.664561e+004
+1.681140e+004	   -2.666525e+004
+1.682340e+004	   -2.668862e+004
+1.683540e+004	   -2.671635e+004
+1.684740e+004	   -2.673594e+004
+1.685940e+004	   -2.675879e+004
+1.687141e+004	   -2.677951e+004
+1.688341e+004	   -2.680605e+004
+1.689541e+004	   -2.682752e+004
+1.690741e+004	   -2.685236e+004
+1.691941e+004	   -2.687409e+004
+1.693141e+004	   -2.689446e+004
+1.694341e+004	   -2.691858e+004
+1.695541e+004	   -2.693848e+004
+1.696741e+004	   -2.696497e+004
+1.697941e+004	   -2.698423e+004
+1.699142e+004	   -2.701306e+004
+1.700342e+004	   -2.703166e+004
+1.701542e+004	   -2.705670e+004
+1.702742e+004	   -2.707661e+004
+1.703942e+004	   -2.710208e+004
+1.705142e+004	   -2.712619e+004
+1.706342e+004	   -2.714526e+004
+1.707542e+004	   -2.716983e+004
+1.708742e+004	   -2.719578e+004
+1.709942e+004	   -2.721987e+004
+1.711143e+004	   -2.723176e+004
+1.712343e+004	   -2.725628e+004
+1.713543e+004	   -2.729113e+004
+1.714743e+004	   -2.730735e+004
+1.715943e+004	   -2.731170e+004
+1.717143e+004	   -2.733958e+004
+1.718343e+004	   -2.720148e+004
+1.719543e+004	   -2.720887e+004
+1.720743e+004	   -2.723860e+004
+1.721944e+004	   -2.726330e+004
+1.723144e+004	   -2.728641e+004
+1.724344e+004	   -2.730867e+004
+1.725544e+004	   -2.732973e+004
+1.726744e+004	   -2.735366e+004
+1.727944e+004	   -2.737942e+004
+1.729144e+004	   -2.739407e+004
+1.730344e+004	   -2.742194e+004
+1.731544e+004	   -2.744599e+004
+1.732744e+004	   -2.746577e+004
+1.733945e+004	   -2.748813e+004
+1.735145e+004	   -2.751269e+004
+1.736345e+004	   -2.753316e+004
+1.737545e+004	   -2.755360e+004
+1.738745e+004	   -2.758298e+004
+1.739945e+004	   -2.760698e+004
+1.741145e+004	   -2.762922e+004
+1.742345e+004	   -2.764642e+004
+1.743545e+004	   -2.766908e+004
+1.744745e+004	   -2.769107e+004
+1.745946e+004	   -2.771711e+004
+1.747146e+004	   -2.773782e+004
+1.748346e+004	   -2.776486e+004
+1.749546e+004	   -2.779434e+004
+1.750746e+004	   -2.780364e+004
+1.751946e+004	   -2.782987e+004
+1.753146e+004	   -2.785174e+004
+1.754346e+004	   -2.787570e+004
+1.755546e+004	   -2.789917e+004
+1.756746e+004	   -2.792044e+004
+1.757946e+004	   -2.794179e+004
+1.759146e+004	   -2.797059e+004
+1.760347e+004	   -2.799232e+004
+1.761547e+004	   -2.801297e+004
+1.762747e+004	   -2.803364e+004
+1.763947e+004	   -2.805520e+004
+1.765147e+004	   -2.808250e+004
+1.766347e+004	   -2.810773e+004
+1.767547e+004	   -2.812516e+004
+1.768747e+004	   -2.814846e+004
+1.769947e+004	   -2.817369e+004
+1.771148e+004	   -2.819593e+004
+1.772348e+004	   -2.821892e+004
+1.773548e+004	   -2.824091e+004
+1.774748e+004	   -2.826121e+004
+1.775948e+004	   -2.828595e+004
+1.777148e+004	   -2.830897e+004
+1.778348e+004	   -2.833177e+004
+1.779548e+004	   -2.835245e+004
+1.780748e+004	   -2.837598e+004
+1.781948e+004	   -2.840359e+004
+1.783149e+004	   -2.841998e+004
+1.784349e+004	   -2.845091e+004
+1.785549e+004	   -2.846594e+004
+1.786749e+004	   -2.849060e+004
+1.787949e+004	   -2.851638e+004
+1.789149e+004	   -2.853032e+004
+1.790349e+004	   -2.855701e+004
+1.791549e+004	   -2.856036e+004
+1.792749e+004	   -2.863609e+004
+1.793949e+004	   -2.860864e+004
+1.795150e+004	   -2.860195e+004
+1.796350e+004	   -2.871464e+004
+1.797550e+004	   -2.871900e+004
+1.798750e+004	   -2.865978e+004
+1.799950e+004	   -2.875502e+004
+1.801150e+004	   -2.875001e+004
+1.802350e+004	   -2.879632e+004
+1.803550e+004	   -2.882536e+004
+1.804750e+004	   -2.883586e+004
+1.805950e+004	   -2.887290e+004
+1.807151e+004	   -2.903615e+004
+1.808351e+004	   -2.911329e+004
+1.809551e+004	   -2.913659e+004
+1.810751e+004	   -2.913167e+004
+1.811951e+004	   -2.914842e+004
+1.813151e+004	   -2.916769e+004
+1.814351e+004	   -2.919594e+004
+1.815551e+004	   -2.922196e+004
+1.816751e+004	   -2.924214e+004
+1.817952e+004	   -2.926082e+004
+1.819152e+004	   -2.928600e+004
+1.820352e+004	   -2.930777e+004
+1.821552e+004	   -2.932804e+004
+1.822752e+004	   -2.935801e+004
+1.823952e+004	   -2.938008e+004
+1.825152e+004	   -2.940164e+004
+1.826352e+004	   -2.942151e+004
+1.827552e+004	   -2.945388e+004
+1.828752e+004	   -2.947236e+004
+1.829953e+004	   -2.929485e+004
+1.831153e+004	   -2.933180e+004
+1.832353e+004	   -2.935650e+004
+1.833553e+004	   -2.937447e+004
+1.834753e+004	   -2.940084e+004
+1.835953e+004	   -2.942433e+004
+1.837153e+004	   -2.944759e+004
+1.838353e+004	   -2.947335e+004
+1.839553e+004	   -2.949014e+004
+1.840753e+004	   -2.951849e+004
+1.841954e+004	   -2.953934e+004
+1.843154e+004	   -2.956396e+004
+1.844354e+004	   -2.958099e+004
+1.845554e+004	   -2.960604e+004
+1.846754e+004	   -2.964020e+004
+1.847954e+004	   -2.949861e+004
+1.849154e+004	   -2.950006e+004
+1.850354e+004	   -2.951818e+004
+1.851554e+004	   -2.953831e+004
+1.852754e+004	   -2.956221e+004
+1.853954e+004	   -2.958377e+004
+1.855154e+004	   -2.960899e+004
+1.856355e+004	   -2.963067e+004
+1.857555e+004	   -2.965429e+004
+1.858755e+004	   -2.967159e+004
+1.859955e+004	   -2.969797e+004
+1.861155e+004	   -2.972250e+004
+1.862355e+004	   -2.974439e+004
+1.863555e+004	   -2.977285e+004
+1.864755e+004	   -2.981150e+004
+1.865955e+004	   -2.997279e+004
+1.867156e+004	   -3.002479e+004
+1.868356e+004	   -3.003518e+004
+1.869556e+004	   -3.005817e+004
+1.870756e+004	   -3.008178e+004
+1.871956e+004	   -3.011615e+004
+1.873156e+004	   -3.017422e+004
+1.874356e+004	   -3.032634e+004
+1.875556e+004	   -3.034876e+004
+1.876756e+004	   -3.037404e+004
+1.877956e+004	   -3.040084e+004
+1.879157e+004	   -3.042430e+004
+1.880357e+004	   -3.044553e+004
+1.881557e+004	   -3.046746e+004
+1.882757e+004	   -3.049195e+004
+1.883957e+004	   -3.051176e+004
+1.885157e+004	   -3.054105e+004
+1.886357e+004	   -3.056003e+004
+1.887557e+004	   -3.058437e+004
+1.888757e+004	   -3.060785e+004
+1.889957e+004	   -3.062837e+004
+1.891158e+004	   -3.065645e+004
+1.892358e+004	   -3.066131e+004
+1.893558e+004	   -3.068404e+004
+1.894758e+004	   -3.056134e+004
+1.895958e+004	   -3.056310e+004
+1.897158e+004	   -3.058846e+004
+1.898358e+004	   -3.061738e+004
+1.899558e+004	   -3.064057e+004
+1.900758e+004	   -3.063908e+004
+1.901958e+004	   -3.070388e+004
+1.903159e+004	   -3.059449e+004
+1.904359e+004	   -3.057252e+004
+1.905559e+004	   -3.058852e+004
+1.906759e+004	   -3.058748e+004
+1.907959e+004	   -3.062255e+004
+1.909159e+004	   -3.063677e+004
+1.910359e+004	   -3.065405e+004
+1.911559e+004	   -3.067613e+004
+1.912759e+004	   -3.070814e+004
+1.913960e+004	   -3.070309e+004
+1.915160e+004	   -3.059117e+004
+1.916360e+004	   -3.058481e+004
+1.917560e+004	   -3.060791e+004
+1.918760e+004	   -3.063692e+004
+1.919960e+004	   -3.065333e+004
+1.921160e+004	   -3.068113e+004
+1.922360e+004	   -3.070261e+004
+1.923560e+004	   -3.072899e+004
+1.924760e+004	   -3.074816e+004
+1.925961e+004	   -3.076932e+004
+1.927161e+004	   -3.079814e+004
+1.928361e+004	   -3.081837e+004
+1.929561e+004	   -3.084958e+004
+1.930761e+004	   -3.086034e+004
+1.931961e+004	   -3.088892e+004
+1.933161e+004	   -3.087757e+004
+1.934361e+004	   -3.075380e+004
+1.935561e+004	   -3.077801e+004
+1.936761e+004	   -3.080861e+004
+1.937962e+004	   -3.081788e+004
+1.939162e+004	   -3.084348e+004
+1.940362e+004	   -3.087113e+004
+1.941562e+004	   -3.088953e+004
+1.942762e+004	   -3.091147e+004
+1.943962e+004	   -3.093208e+004
+1.945162e+004	   -3.095362e+004
+1.946362e+004	   -3.097926e+004
+1.947562e+004	   -3.100354e+004
+1.948762e+004	   -3.102620e+004
+1.949963e+004	   -3.104868e+004
+1.951163e+004	   -3.107237e+004
+1.952363e+004	   -3.109116e+004
+1.953563e+004	   -3.111537e+004
+1.954763e+004	   -3.113643e+004
+1.955963e+004	   -3.115894e+004
+1.957163e+004	   -3.118400e+004
+1.958363e+004	   -3.121005e+004
+1.959563e+004	   -3.123243e+004
+1.960763e+004	   -3.125089e+004
+1.961963e+004	   -3.127573e+004
+1.963164e+004	   -3.129657e+004
+1.964364e+004	   -3.131872e+004
+1.965564e+004	   -3.134561e+004
+1.966764e+004	   -3.136265e+004
+1.967964e+004	   -3.138279e+004
+1.969164e+004	   -3.141298e+004
+1.970364e+004	   -3.127016e+004
+1.971564e+004	   -3.128211e+004
+1.972764e+004	   -3.129716e+004
+1.973964e+004	   -3.132001e+004
+1.975165e+004	   -3.135306e+004
+1.976365e+004	   -3.137447e+004
+1.977565e+004	   -3.139111e+004
+1.978765e+004	   -3.140814e+004
+1.979965e+004	   -3.143949e+004
+1.981165e+004	   -3.151195e+004
+1.982365e+004	   -3.163511e+004
+1.983565e+004	   -3.168741e+004
+1.984765e+004	   -3.170998e+004
+1.985965e+004	   -3.173037e+004
+1.987166e+004	   -3.175252e+004
+1.988366e+004	   -3.177829e+004
+1.989566e+004	   -3.179363e+004
+1.990766e+004	   -3.182079e+004
+1.991966e+004	   -3.183408e+004
+1.993166e+004	   -3.186109e+004
+1.994366e+004	   -3.190648e+004
+1.995566e+004	   -3.176888e+004
+1.996766e+004	   -3.176313e+004
+1.997966e+004	   -3.177419e+004
+1.999167e+004	   -3.180128e+004
+2.000367e+004	   -3.182101e+004
+2.001567e+004	   -3.184827e+004
+2.002767e+004	   -3.186540e+004
+2.003967e+004	   -3.189225e+004
+2.005167e+004	   -3.191348e+004
+2.006367e+004	   -3.194001e+004
+2.007567e+004	   -3.195750e+004
+2.008767e+004	   -3.198200e+004
+2.009968e+004	   -3.200707e+004
+2.011168e+004	   -3.203446e+004
+2.012368e+004	   -3.206855e+004
+2.013568e+004	   -3.207453e+004
+2.014768e+004	   -3.207885e+004
+2.015968e+004	   -3.213082e+004
+2.017168e+004	   -3.215123e+004
+2.018368e+004	   -3.216492e+004
+2.019568e+004	   -3.219096e+004
+2.020768e+004	   -3.221030e+004
+2.021969e+004	   -3.223146e+004
+2.023169e+004	   -3.225588e+004
+2.024369e+004	   -3.227751e+004
+2.025569e+004	   -3.230117e+004
+2.026769e+004	   -3.232332e+004
+2.027969e+004	   -3.234695e+004
+2.029169e+004	   -3.236959e+004
+2.030369e+004	   -3.239146e+004
+2.031569e+004	   -3.241344e+004
+2.032769e+004	   -3.243560e+004
+2.033970e+004	   -3.245975e+004
+2.035170e+004	   -3.248311e+004
+2.036370e+004	   -3.250408e+004
+2.037570e+004	   -3.252552e+004
+2.038770e+004	   -3.255931e+004
+2.039970e+004	   -3.240186e+004
+2.041170e+004	   -3.240988e+004
+2.042370e+004	   -3.243914e+004
+2.043570e+004	   -3.245640e+004
+2.044770e+004	   -3.249559e+004
+2.045971e+004	   -3.250474e+004
+2.047171e+004	   -3.252727e+004
+2.048371e+004	   -3.256175e+004
+2.049571e+004	   -3.258583e+004
+2.050771e+004	   -3.259407e+004
+2.051971e+004	   -3.263817e+004
+2.053171e+004	   -3.262363e+004
+2.054371e+004	   -3.270466e+004
+2.055571e+004	   -3.268232e+004
+2.056771e+004	   -3.270832e+004
+2.057971e+004	   -3.274830e+004
+2.059172e+004	   -3.276800e+004
+2.060372e+004	   -3.277691e+004
+2.061572e+004	   -3.280069e+004
+2.062772e+004	   -3.282896e+004
+2.063972e+004	   -3.285092e+004
+2.065172e+004	   -3.286802e+004
+2.066372e+004	   -3.289609e+004
+2.067572e+004	   -3.291705e+004
+2.068772e+004	   -3.294287e+004
+2.069972e+004	   -3.296255e+004
+2.071173e+004	   -3.298361e+004
+2.072373e+004	   -3.305109e+004
+2.073573e+004	   -3.320327e+004
+2.074773e+004	   -3.324491e+004
+2.075973e+004	   -3.324595e+004
+2.077173e+004	   -3.327789e+004
+2.078373e+004	   -3.328376e+004
+2.079573e+004	   -3.332386e+004
+2.080773e+004	   -3.337812e+004
+2.081973e+004	   -3.335981e+004
+2.083174e+004	   -3.339643e+004
+2.084374e+004	   -3.322804e+004
+2.085574e+004	   -3.324093e+004
+2.086774e+004	   -3.328190e+004
+2.087974e+004	   -3.330519e+004
+2.089174e+004	   -3.331685e+004
+2.090374e+004	   -3.320434e+004
+2.091574e+004	   -3.314249e+004
+2.092774e+004	   -3.318990e+004
+2.093974e+004	   -3.322267e+004
+2.095175e+004	   -3.326799e+004
+2.096375e+004	   -3.328504e+004
+2.097575e+004	   -3.330529e+004
+2.098775e+004	   -3.332579e+004
+2.099975e+004	   -3.335540e+004
+2.101175e+004	   -3.337519e+004
+2.102375e+004	   -3.339897e+004
+2.103575e+004	   -3.342136e+004
+2.104775e+004	   -3.344191e+004
+2.105975e+004	   -3.345924e+004
+2.107176e+004	   -3.349460e+004
+2.108376e+004	   -3.351247e+004
+2.109576e+004	   -3.341479e+004
+2.110776e+004	   -3.339417e+004
+2.111976e+004	   -3.341330e+004
+2.113176e+004	   -3.341480e+004
+2.114376e+004	   -3.343969e+004
+2.115576e+004	   -3.346133e+004
+2.116776e+004	   -3.349580e+004
+2.117977e+004	   -3.348791e+004
+2.119177e+004	   -3.337953e+004
+2.120377e+004	   -3.337662e+004
+2.121577e+004	   -3.340130e+004
+2.122777e+004	   -3.342223e+004
+2.123977e+004	   -3.344917e+004
+2.125177e+004	   -3.347381e+004
+2.126377e+004	   -3.349105e+004
+2.127577e+004	   -3.351625e+004
+2.128777e+004	   -3.354186e+004
+2.129978e+004	   -3.356277e+004
+2.131178e+004	   -3.358235e+004
+2.132378e+004	   -3.360541e+004
+2.133578e+004	   -3.363143e+004
+2.134778e+004	   -3.364669e+004
+2.135978e+004	   -3.369975e+004
+2.137178e+004	   -3.352273e+004
+2.138378e+004	   -3.345966e+004
+2.139578e+004	   -3.354846e+004
+2.140778e+004	   -3.359040e+004
+2.141979e+004	   -3.344704e+004
+2.143179e+004	   -3.346493e+004
+2.144379e+004	   -3.344501e+004
+2.145579e+004	   -3.351527e+004
+2.146779e+004	   -3.352365e+004
+2.147979e+004	   -3.354369e+004
+2.149179e+004	   -3.356955e+004
+2.150379e+004	   -3.358326e+004
+2.151579e+004	   -3.360413e+004
+2.152779e+004	   -3.363741e+004
+2.153979e+004	   -3.366530e+004
+2.155179e+004	   -3.368658e+004
+2.156380e+004	   -3.372091e+004
+2.157580e+004	   -3.374958e+004
+2.158780e+004	   -3.373505e+004
+2.159980e+004	   -3.378463e+004
+2.161180e+004	   -3.379958e+004
+2.162380e+004	   -3.381636e+004
+2.163580e+004	   -3.383580e+004
+2.164780e+004	   -3.386275e+004
+2.165980e+004	   -3.388278e+004
+2.167181e+004	   -3.390603e+004
+2.168381e+004	   -3.393070e+004
+2.169581e+004	   -3.395755e+004
+2.170781e+004	   -3.397538e+004
+2.171981e+004	   -3.399768e+004
+2.173181e+004	   -3.401979e+004
+2.174381e+004	   -3.404587e+004
+2.175581e+004	   -3.406520e+004
+2.176781e+004	   -3.409163e+004
+2.177981e+004	   -3.411666e+004
+2.179182e+004	   -3.413147e+004
+2.180382e+004	   -3.415627e+004
+2.181582e+004	   -3.418279e+004
+2.182782e+004	   -3.418977e+004
+2.183982e+004	   -3.432095e+004
+2.185182e+004	   -3.442322e+004
+2.186382e+004	   -3.444693e+004
+2.187582e+004	   -3.447025e+004
+2.188782e+004	   -3.449827e+004
+2.189982e+004	   -3.452380e+004
+2.191183e+004	   -3.453938e+004
+2.192383e+004	   -3.456591e+004
+2.193583e+004	   -3.458870e+004
+2.194783e+004	   -3.461048e+004
+2.195983e+004	   -3.463731e+004
+2.197183e+004	   -3.465705e+004
+2.198383e+004	   -3.467623e+004
+2.199583e+004	   -3.464959e+004
+2.200783e+004	   -3.458314e+004
+2.201983e+004	   -3.456382e+004
+2.203184e+004	   -3.459061e+004
+2.204384e+004	   -3.461894e+004
+2.205584e+004	   -3.463354e+004
+2.206784e+004	   -3.466133e+004
+2.207984e+004	   -3.468024e+004
+2.209184e+004	   -3.470252e+004
+2.210384e+004	   -3.473027e+004
+2.211584e+004	   -3.474875e+004
+2.212784e+004	   -3.477719e+004
+2.213985e+004	   -3.479738e+004
+2.215185e+004	   -3.481386e+004
+2.216385e+004	   -3.484548e+004
+2.217585e+004	   -3.486699e+004
+2.218785e+004	   -3.489769e+004
+2.219985e+004	   -3.487521e+004
+2.221185e+004	   -3.495466e+004
+2.222385e+004	   -3.495923e+004
+2.223585e+004	   -3.489564e+004
+2.224785e+004	   -3.503554e+004
+2.225986e+004	   -3.502246e+004
+2.227186e+004	   -3.505373e+004
+2.228386e+004	   -3.506550e+004
+2.229586e+004	   -3.508929e+004
+2.230786e+004	   -3.510552e+004
+2.231986e+004	   -3.513152e+004
+2.233186e+004	   -3.516196e+004
+2.234386e+004	   -3.518495e+004
+2.235586e+004	   -3.520507e+004
+2.236786e+004	   -3.522536e+004
+2.237987e+004	   -3.524803e+004
+2.239187e+004	   -3.527206e+004
+2.240387e+004	   -3.529638e+004
+2.241587e+004	   -3.532109e+004
+2.242787e+004	   -3.534122e+004
+2.243987e+004	   -3.536620e+004
+2.245187e+004	   -3.539018e+004
+2.246387e+004	   -3.541448e+004
+2.247587e+004	   -3.543640e+004
+2.248787e+004	   -3.545780e+004
+2.249988e+004	   -3.550363e+004
+2.251188e+004	   -3.547021e+004
+2.252388e+004	   -3.551131e+004
+2.253588e+004	   -3.565330e+004
+2.254788e+004	   -3.580540e+004
+2.255988e+004	   -3.576089e+004
+2.257188e+004	   -3.579134e+004
+2.258388e+004	   -3.581159e+004
+2.259588e+004	   -3.584694e+004
+2.260788e+004	   -3.584201e+004
+2.261988e+004	   -3.588950e+004
+2.263189e+004	   -3.591982e+004
+2.264389e+004	   -3.594045e+004
+2.265589e+004	   -3.595218e+004
+2.266789e+004	   -3.597171e+004
+2.267989e+004	   -3.600091e+004
+2.269189e+004	   -3.601579e+004
+2.270389e+004	   -3.604539e+004
+2.271589e+004	   -3.606125e+004
+2.272789e+004	   -3.608184e+004
+2.273989e+004	   -3.614140e+004
+2.275190e+004	   -3.617775e+004
+2.276390e+004	   -3.605727e+004
+2.277590e+004	   -3.598834e+004
+2.278790e+004	   -3.601884e+004
+2.279990e+004	   -3.603742e+004
+2.281190e+004	   -3.606870e+004
+2.282390e+004	   -3.609932e+004
+2.283590e+004	   -3.612275e+004
+2.284790e+004	   -3.612916e+004
+2.285990e+004	   -3.616058e+004
+2.287191e+004	   -3.617555e+004
+2.288391e+004	   -3.620429e+004
+2.289591e+004	   -3.623722e+004
+2.290791e+004	   -3.627241e+004
+2.291991e+004	   -3.627833e+004
+2.293191e+004	   -3.625388e+004
+2.294391e+004	   -3.636255e+004
+2.295591e+004	   -3.625152e+004
+2.296791e+004	   -3.637844e+004
+2.297991e+004	   -3.641961e+004
+2.299192e+004	   -3.645118e+004
+2.300392e+004	   -3.643382e+004
+2.301592e+004	   -3.657404e+004
+2.302792e+004	   -3.666650e+004
+2.303992e+004	   -3.665530e+004
+2.305192e+004	   -3.658551e+004
+2.306392e+004	   -3.645199e+004
+2.307592e+004	   -3.642090e+004
+2.308792e+004	   -3.636570e+004
+2.309993e+004	   -3.642286e+004
+2.311193e+004	   -3.646010e+004
+2.312393e+004	   -3.648566e+004
+2.313593e+004	   -3.652288e+004
+2.314793e+004	   -3.654188e+004
+2.315993e+004	   -3.655560e+004
+2.317193e+004	   -3.656461e+004
+2.318393e+004	   -3.658496e+004
+2.319593e+004	   -3.659286e+004
+2.320793e+004	   -3.662568e+004
+2.321994e+004	   -3.665119e+004
+2.323194e+004	   -3.666365e+004
+2.324394e+004	   -3.683870e+004
+2.325594e+004	   -3.695389e+004
+2.326794e+004	   -3.697692e+004
+2.327994e+004	   -3.692679e+004
+2.329194e+004	   -3.697484e+004
+2.330394e+004	   -3.700183e+004
+2.331594e+004	   -3.701392e+004
+2.332794e+004	   -3.705322e+004
+2.333995e+004	   -3.706214e+004
+2.335195e+004	   -3.709454e+004
+2.336395e+004	   -3.710271e+004
+2.337595e+004	   -3.714655e+004
+2.338795e+004	   -3.715047e+004
+2.339995e+004	   -3.717173e+004
+2.341195e+004	   -3.721032e+004
+2.342395e+004	   -3.723727e+004
+2.343595e+004	   -3.716161e+004
+2.344795e+004	   -3.726482e+004
+2.345996e+004	   -3.738476e+004
+2.347196e+004	   -3.743629e+004
+2.348396e+004	   -3.753203e+004
+2.349596e+004	   -3.758147e+004
+2.350796e+004	   -3.753592e+004
+2.351996e+004	   -3.765573e+004
+2.353196e+004	   -3.751535e+004
+2.354396e+004	   -3.741368e+004
+2.355596e+004	   -3.740348e+004
+2.356796e+004	   -3.723935e+004
+2.357996e+004	   -3.741099e+004
+2.359197e+004	   -3.735049e+004
+2.360397e+004	   -3.744550e+004
+2.361597e+004	   -3.744346e+004
+2.362797e+004	   -3.738666e+004
+2.363997e+004	   -3.752731e+004
+2.365197e+004	   -3.743638e+004
+2.366397e+004	   -3.760353e+004
+2.367597e+004	   -3.753431e+004
+2.368797e+004	   -3.758094e+004
+2.369997e+004	   -3.757738e+004
+2.371198e+004	   -3.765063e+004
+2.372398e+004	   -3.760854e+004
+2.373598e+004	   -3.768578e+004
+2.374798e+004	   -3.765089e+004
+2.375998e+004	   -3.773180e+004
+2.377198e+004	   -3.784165e+004
+2.378398e+004	   -3.780783e+004
+2.379598e+004	   -3.782988e+004
+2.380798e+004	   -3.768757e+004
+2.381998e+004	   -3.783501e+004
+2.383199e+004	   -3.799860e+004
+2.384399e+004	   -3.788448e+004
+2.385599e+004	   -3.772895e+004
+2.386799e+004	   -3.788668e+004
+2.387999e+004	   -3.787984e+004
+2.389199e+004	   -3.793127e+004
+2.390399e+004	   -3.798743e+004
+2.391599e+004	   -3.792086e+004
+2.392799e+004	   -3.786542e+004
+2.393999e+004	   -3.770464e+004
+2.395200e+004	   -3.771472e+004
+2.396400e+004	   -3.767079e+004
+2.397600e+004	   -3.776317e+004
+2.398800e+004	   -3.771521e+004
+2.400000e+004	   -3.780672e+004
