+2.500000e+002	   -8.232494e+001
+2.513757e+002	   -1.075480e+002
+2.527514e+002	   -1.138365e+002
+2.541271e+002	   -1.195792e+002
+2.555027e+002	   -1.322259e+002
+2.568784e+002	   -1.177458e+002
+2.582541e+002	   -1.275846e+002
+2.596298e+002	   -1.226957e+002
+2.610055e+002	   -1.384311e+002
+2.623812e+002	   -1.313473e+002
+2.637569e+002	   -1.461991e+002
+2.651326e+002	   -1.472848e+002
+2.665082e+002	   -1.349899e+002
+2.678839e+002	   -1.478602e+002
+2.692596e+002	   -1.406447e+002
+2.706353e+002	   -1.492197e+002
+2.720110e+002	   -1.438838e+002
+2.733867e+002	   -1.488432e+002
+2.747624e+002	   -1.581431e+002
+2.761381e+002	   -1.552967e+002
+2.775138e+002	   -1.553148e+002
+2.788894e+002	   -1.639254e+002
+2.802651e+002	   -1.671302e+002
+2.816408e+002	   -1.733913e+002
+2.830165e+002	   -1.680904e+002
+2.843922e+002	   -1.802025e+002
+2.857679e+002	   -1.770299e+002
+2.871436e+002	   -1.836927e+002
+2.885193e+002	   -1.823401e+002
+2.898950e+002	   -1.824115e+002
+2.912706e+002	   -1.882662e+002
+2.926463e+002	   -1.941068e+002
+2.940220e+002	   -1.958185e+002
+2.953977e+002	   -1.978677e+002
+2.967734e+002	   -1.929236e+002
+2.981491e+002	   -2.087474e+002
+2.995247e+002	   -2.044254e+002
+3.009005e+002	   -2.105621e+002
+3.022761e+002	   -2.122519e+002
+3.036518e+002	   -2.106180e+002
+3.050275e+002	   -2.123275e+002
+3.064032e+002	   -2.199558e+002
+3.077789e+002	   -2.166639e+002
+3.091546e+002	   -2.217583e+002
+3.105303e+002	   -2.269907e+002
+3.119059e+002	   -2.307259e+002
+3.132816e+002	   -2.297898e+002
+3.146573e+002	   -2.310201e+002
+3.160330e+002	   -2.281030e+002
+3.174087e+002	   -2.425826e+002
+3.187844e+002	   -2.401434e+002
+3.201601e+002	   -2.501887e+002
+3.215358e+002	   -2.469929e+002
+3.229115e+002	   -2.521949e+002
+3.242871e+002	   -2.510042e+002
+3.256628e+002	   -2.522889e+002
+3.270385e+002	   -2.510525e+002
+3.284142e+002	   -2.513375e+002
+3.297899e+002	   -2.571222e+002
+3.311656e+002	   -2.652464e+002
+3.325413e+002	   -2.597304e+002
+3.339170e+002	   -2.732915e+002
+3.352926e+002	   -2.785352e+002
+3.366683e+002	   -2.671486e+002
+3.380440e+002	   -2.701816e+002
+3.394197e+002	   -2.879174e+002
+3.407954e+002	   -2.871510e+002
+3.421711e+002	   -2.957766e+002
+3.435468e+002	   -2.817434e+002
+3.449225e+002	   -2.926837e+002
+3.462982e+002	   -2.960798e+002
+3.476738e+002	   -2.832525e+002
+3.490495e+002	   -2.895295e+002
+3.504252e+002	   -2.976167e+002
+3.518009e+002	   -3.193003e+002
+3.531766e+002	   -3.062942e+002
+3.545523e+002	   -3.003662e+002
+3.559280e+002	   -3.313490e+002
+3.573036e+002	   -3.091212e+002
+3.586794e+002	   -2.883164e+002
+3.600550e+002	   -3.507567e+002
+3.614307e+002	   -2.985894e+002
+3.628064e+002	   -3.414980e+002
+3.641821e+002	   -2.994780e+002
+3.655578e+002	   -1.594589e+002
+3.669335e+002	   -1.437856e+002
+3.683091e+002	   -1.987039e+002
+3.696848e+002	   -1.963967e+002
+3.710605e+002	   -1.493166e+002
+3.724362e+002	   -1.471932e+002
+3.738119e+002	   -2.013654e+002
+3.751876e+002	   -1.798715e+002
+3.765633e+002	   -1.870398e+002
+3.779390e+002	   -1.710406e+002
+3.793147e+002	   -1.772396e+002
+3.806903e+002	   -1.708718e+002
+3.820660e+002	   -1.856198e+002
+3.834417e+002	   -1.807401e+002
+3.848174e+002	   -1.930800e+002
+3.861931e+002	   -1.874670e+002
+3.875688e+002	   -1.841628e+002
+3.889445e+002	   -1.963693e+002
+3.903202e+002	   -1.973751e+002
+3.916959e+002	   -1.852912e+002
+3.930715e+002	   -1.951206e+002
+3.944472e+002	   -1.976360e+002
+3.958229e+002	   -2.134454e+002
+3.971986e+002	   -2.068273e+002
+3.985743e+002	   -2.023294e+002
+3.999500e+002	   -2.053901e+002
+4.013257e+002	   -2.142299e+002
+4.027014e+002	   -2.183637e+002
+4.040770e+002	   -2.253817e+002
+4.054527e+002	   -2.227012e+002
+4.068284e+002	   -2.291177e+002
+4.082041e+002	   -2.373582e+002
+4.095798e+002	   -2.351432e+002
+4.109555e+002	   -2.295908e+002
+4.123312e+002	   -2.317233e+002
+4.137068e+002	   -2.334006e+002
+4.150826e+002	   -2.422172e+002
+4.164582e+002	   -2.455264e+002
+4.178339e+002	   -2.462727e+002
+4.192096e+002	   -2.499909e+002
+4.205853e+002	   -2.504030e+002
+4.219610e+002	   -2.526184e+002
+4.233367e+002	   -2.590287e+002
+4.247123e+002	   -2.602209e+002
+4.260880e+002	   -2.739870e+002
+4.274637e+002	   -2.684612e+002
+4.288394e+002	   -2.754675e+002
+4.302151e+002	   -2.886139e+002
+4.315908e+002	   -2.676236e+002
+4.329665e+002	   -2.615151e+002
+4.343422e+002	   -2.816954e+002
+4.357179e+002	   -2.801025e+002
+4.370935e+002	   -2.862370e+002
+4.384692e+002	   -2.762975e+002
+4.398449e+002	   -2.799583e+002
+4.412206e+002	   -2.989566e+002
+4.425963e+002	   -2.885912e+002
+4.439720e+002	   -3.000878e+002
+4.453477e+002	   -3.098233e+002
+4.467234e+002	   -3.061513e+002
+4.480991e+002	   -3.086717e+002
+4.494747e+002	   -3.119034e+002
+4.508504e+002	   -3.209728e+002
+4.522261e+002	   -3.055531e+002
+4.536018e+002	   -3.282311e+002
+4.549775e+002	   -3.209129e+002
+4.563532e+002	   -2.939337e+002
+4.577289e+002	   -3.168347e+002
+4.591046e+002	   -3.647011e+002
+4.604803e+002	   -2.638451e+002
+4.618559e+002	   -1.599034e+002
+4.632316e+002	   -2.155596e+002
+4.646073e+002	   -1.076793e+002
+4.659830e+002	   -1.810199e+002
+4.673587e+002	   -2.003871e+002
+4.687344e+002	   -1.888868e+002
+4.701100e+002	   -1.749049e+002
+4.714857e+002	   -1.634108e+002
+4.728614e+002	   -1.810662e+002
+4.742371e+002	   -1.831783e+002
+4.756128e+002	   -1.767876e+002
+4.769885e+002	   -1.877302e+002
+4.783642e+002	   -1.796793e+002
+4.797399e+002	   -1.849320e+002
+4.811156e+002	   -1.906130e+002
+4.824912e+002	   -1.881715e+002
+4.838669e+002	   -1.851134e+002
+4.852426e+002	   -2.045191e+002
+4.866183e+002	   -1.979720e+002
+4.879940e+002	   -1.875827e+002
+4.893697e+002	   -1.967461e+002
+4.907454e+002	   -2.063826e+002
+4.921211e+002	   -2.105636e+002
+4.934967e+002	   -1.918431e+002
+4.948724e+002	   -2.055970e+002
+4.962481e+002	   -2.165566e+002
+4.976238e+002	   -2.585809e+002
+4.989995e+002	   -9.747664e+001
+5.003752e+002	   -5.354781e+001
+5.017509e+002	   -1.683451e+002
+5.031266e+002	   -4.070033e+001
+5.045023e+002	   -8.112849e+001
+5.058779e+002	   -3.787671e+001
+5.072536e+002	   -5.169740e+001
+5.086293e+002	   -4.148373e+001
+5.100050e+002	   -7.044472e+001
+5.113807e+002	   -6.365628e+001
+5.127564e+002	   -6.446952e+001
+5.141321e+002	   -6.920645e+001
+5.155078e+002	   -7.354284e+001
+5.168834e+002	   -8.169022e+001
+5.182592e+002	   -8.065186e+001
+5.196348e+002	   -8.205996e+001
+5.210105e+002	   -8.717210e+001
+5.223862e+002	   -8.596536e+001
+5.237619e+002	   -8.903710e+001
+5.251376e+002	   -9.107668e+001
+5.265132e+002	   -9.520626e+001
+5.278889e+002	   -9.848714e+001
+5.292646e+002	   -1.017651e+002
+5.306403e+002	   -1.021837e+002
+5.320160e+002	   -1.071904e+002
+5.333917e+002	   -1.087048e+002
+5.347674e+002	   -1.106947e+002
+5.361431e+002	   -1.145497e+002
+5.375187e+002	   -1.174922e+002
+5.388945e+002	   -1.197726e+002
+5.402701e+002	   -1.225106e+002
+5.416458e+002	   -1.258227e+002
+5.430215e+002	   -1.276810e+002
+5.443972e+002	   -1.303016e+002
+5.457729e+002	   -1.332946e+002
+5.471486e+002	   -1.352289e+002
+5.485243e+002	   -1.383242e+002
+5.499000e+002	   -1.400630e+002
+5.512756e+002	   -1.436311e+002
+5.526513e+002	   -1.458902e+002
+5.540270e+002	   -1.487963e+002
+5.554027e+002	   -1.508736e+002
+5.567784e+002	   -1.546551e+002
+5.581541e+002	   -1.558824e+002
+5.595298e+002	   -1.588710e+002
+5.609055e+002	   -1.616916e+002
+5.622811e+002	   -1.637469e+002
+5.636568e+002	   -1.663764e+002
+5.650325e+002	   -1.691773e+002
+5.664082e+002	   -1.721227e+002
+5.677839e+002	   -1.743701e+002
+5.691596e+002	   -1.772210e+002
+5.705353e+002	   -1.797271e+002
+5.719109e+002	   -1.821006e+002
+5.732866e+002	   -1.849196e+002
+5.746624e+002	   -1.876776e+002
+5.760380e+002	   -1.902956e+002
+5.774137e+002	   -1.930819e+002
+5.787894e+002	   -1.955361e+002
+5.801651e+002	   -1.979887e+002
+5.815408e+002	   -2.007997e+002
+5.829164e+002	   -2.034146e+002
+5.842922e+002	   -2.059983e+002
+5.856678e+002	   -2.082828e+002
+5.870435e+002	   -2.110131e+002
+5.884192e+002	   -2.139154e+002
+5.897949e+002	   -2.164452e+002
+5.911706e+002	   -2.190363e+002
+5.925463e+002	   -2.214167e+002
+5.939219e+002	   -2.241085e+002
+5.952977e+002	   -2.271062e+002
+5.966733e+002	   -2.293242e+002
+5.980490e+002	   -2.317863e+002
+5.994247e+002	   -2.343048e+002
+6.008004e+002	   -2.371247e+002
+6.021761e+002	   -2.396707e+002
+6.035518e+002	   -2.422669e+002
+6.049275e+002	   -2.448567e+002
+6.063032e+002	   -2.475158e+002
+6.076788e+002	   -2.502731e+002
+6.090545e+002	   -2.530436e+002
+6.104302e+002	   -2.558461e+002
+6.118059e+002	   -2.580564e+002
+6.131816e+002	   -2.605881e+002
+6.145573e+002	   -2.636390e+002
+6.159330e+002	   -2.660080e+002
+6.173087e+002	   -2.685656e+002
+6.186843e+002	   -2.713618e+002
+6.200601e+002	   -2.738273e+002
+6.214357e+002	   -2.763550e+002
+6.228114e+002	   -2.792237e+002
+6.241871e+002	   -2.814529e+002
+6.255628e+002	   -2.844065e+002
+6.269385e+002	   -2.871843e+002
+6.283141e+002	   -2.895998e+002
+6.296898e+002	   -2.919047e+002
+6.310656e+002	   -2.946371e+002
+6.324412e+002	   -2.972921e+002
+6.338169e+002	   -2.999661e+002
+6.351926e+002	   -3.026241e+002
+6.365683e+002	   -3.051391e+002
+6.379440e+002	   -3.076665e+002
+6.393196e+002	   -3.102114e+002
+6.406954e+002	   -3.130008e+002
+6.420710e+002	   -3.157589e+002
+6.434467e+002	   -3.184401e+002
+6.448224e+002	   -3.207143e+002
+6.461981e+002	   -3.235044e+002
+6.475738e+002	   -3.262607e+002
+6.489495e+002	   -3.286091e+002
+6.503251e+002	   -3.314774e+002
+6.517009e+002	   -3.338246e+002
+6.530765e+002	   -3.366999e+002
+6.544522e+002	   -3.391418e+002
+6.558279e+002	   -3.417798e+002
+6.572036e+002	   -3.445321e+002
+6.585793e+002	   -3.469904e+002
+6.599550e+002	   -3.495768e+002
+6.613307e+002	   -3.523093e+002
+6.627064e+002	   -3.549486e+002
+6.640820e+002	   -3.575901e+002
+6.654577e+002	   -3.601711e+002
+6.668334e+002	   -3.627809e+002
+6.682091e+002	   -3.653991e+002
+6.695848e+002	   -3.680532e+002
+6.709605e+002	   -3.706238e+002
+6.723362e+002	   -3.731970e+002
+6.737119e+002	   -3.757623e+002
+6.750875e+002	   -3.783669e+002
+6.764633e+002	   -3.810578e+002
+6.778389e+002	   -3.836523e+002
+6.792146e+002	   -3.862049e+002
+6.805903e+002	   -3.889460e+002
+6.819660e+002	   -3.914582e+002
+6.833417e+002	   -3.940916e+002
+6.847173e+002	   -3.966732e+002
+6.860930e+002	   -3.993422e+002
+6.874688e+002	   -4.019131e+002
+6.888444e+002	   -4.045284e+002
+6.902201e+002	   -4.071639e+002
+6.915958e+002	   -4.098032e+002
+6.929715e+002	   -4.123764e+002
+6.943472e+002	   -4.149962e+002
+6.957228e+002	   -4.176302e+002
+6.970986e+002	   -4.202470e+002
+6.984742e+002	   -4.228510e+002
+6.998499e+002	   -4.254570e+002
+7.012256e+002	   -4.280752e+002
+7.026013e+002	   -4.306774e+002
+7.039770e+002	   -4.333169e+002
+7.053527e+002	   -4.359162e+002
+7.067284e+002	   -4.384952e+002
+7.081041e+002	   -4.411217e+002
+7.094797e+002	   -4.437754e+002
+7.108554e+002	   -4.463346e+002
+7.122311e+002	   -4.489862e+002
+7.136068e+002	   -4.516052e+002
+7.149825e+002	   -4.541998e+002
+7.163582e+002	   -4.568204e+002
+7.177339e+002	   -4.594213e+002
+7.191096e+002	   -4.620552e+002
+7.204852e+002	   -4.646757e+002
+7.218609e+002	   -4.672527e+002
+7.232366e+002	   -4.698672e+002
+7.246123e+002	   -4.725010e+002
+7.259880e+002	   -4.751231e+002
+7.273637e+002	   -4.777296e+002
+7.287394e+002	   -4.803514e+002
+7.301151e+002	   -4.829490e+002
+7.314907e+002	   -4.855686e+002
+7.328665e+002	   -4.881802e+002
+7.342421e+002	   -4.907892e+002
+7.356178e+002	   -4.934145e+002
+7.369935e+002	   -4.960081e+002
+7.383692e+002	   -4.985934e+002
+7.397449e+002	   -5.012331e+002
+7.411205e+002	   -5.038308e+002
+7.424963e+002	   -5.064593e+002
+7.438719e+002	   -5.090780e+002
+7.452476e+002	   -5.116563e+002
+7.466233e+002	   -5.143196e+002
+7.479990e+002	   -5.169301e+002
+7.493747e+002	   -5.195180e+002
+7.507504e+002	   -5.221465e+002
+7.521260e+002	   -5.247236e+002
+7.535018e+002	   -5.273779e+002
+7.548774e+002	   -5.299821e+002
+7.562531e+002	   -5.325963e+002
+7.576288e+002	   -5.352086e+002
+7.590045e+002	   -5.378241e+002
+7.603802e+002	   -5.404079e+002
+7.617559e+002	   -5.430360e+002
+7.631316e+002	   -5.456577e+002
+7.645073e+002	   -5.482798e+002
+7.658829e+002	   -5.508835e+002
+7.672586e+002	   -5.535050e+002
+7.686343e+002	   -5.561102e+002
+7.700100e+002	   -5.587333e+002
+7.713857e+002	   -5.613482e+002
+7.727614e+002	   -5.639294e+002
+7.741371e+002	   -5.665812e+002
+7.755128e+002	   -5.691694e+002
+7.768884e+002	   -5.717651e+002
+7.782642e+002	   -5.744009e+002
+7.796398e+002	   -5.769752e+002
+7.810155e+002	   -5.796288e+002
+7.823912e+002	   -5.822235e+002
+7.837669e+002	   -5.848481e+002
+7.851426e+002	   -5.874082e+002
+7.865182e+002	   -5.900725e+002
+7.878939e+002	   -5.926756e+002
+7.892697e+002	   -5.953030e+002
+7.906453e+002	   -5.979090e+002
+7.920210e+002	   -6.005285e+002
+7.933967e+002	   -6.031427e+002
+7.947724e+002	   -6.057526e+002
+7.961481e+002	   -6.083437e+002
+7.975237e+002	   -6.109307e+002
+7.988995e+002	   -6.135428e+002
+8.002751e+002	   -6.162083e+002
+8.016508e+002	   -6.188105e+002
+8.030265e+002	   -6.214231e+002
+8.044022e+002	   -6.240546e+002
+8.057779e+002	   -6.266483e+002
+8.071536e+002	   -6.292631e+002
+8.085292e+002	   -6.318348e+002
+8.099050e+002	   -6.344359e+002
+8.112806e+002	   -6.370526e+002
+8.126563e+002	   -6.396971e+002
+8.140320e+002	   -6.423229e+002
+8.154077e+002	   -6.449377e+002
+8.167834e+002	   -6.475502e+002
+8.181591e+002	   -6.501611e+002
+8.195348e+002	   -6.527664e+002
+8.209105e+002	   -6.553707e+002
+8.222861e+002	   -6.580044e+002
+8.236618e+002	   -6.606061e+002
+8.250375e+002	   -6.632202e+002
+8.264132e+002	   -6.658342e+002
+8.277889e+002	   -6.684401e+002
+8.291646e+002	   -6.710145e+002
+8.305403e+002	   -6.736588e+002
+8.319160e+002	   -6.762666e+002
+8.332916e+002	   -6.788968e+002
+8.346674e+002	   -6.815129e+002
+8.360430e+002	   -6.841122e+002
+8.374187e+002	   -6.867228e+002
+8.387944e+002	   -6.893380e+002
+8.401701e+002	   -6.919565e+002
+8.415458e+002	   -6.945685e+002
+8.429214e+002	   -6.971385e+002
+8.442971e+002	   -6.998010e+002
+8.456729e+002	   -7.024046e+002
+8.470485e+002	   -7.050165e+002
+8.484242e+002	   -7.075970e+002
+8.497999e+002	   -7.102422e+002
+8.511756e+002	   -7.128508e+002
+8.525513e+002	   -7.154698e+002
+8.539269e+002	   -7.180786e+002
+8.553027e+002	   -7.206908e+002
+8.566783e+002	   -7.233061e+002
+8.580540e+002	   -7.259133e+002
+8.594297e+002	   -7.285229e+002
+8.608054e+002	   -7.311411e+002
+8.621811e+002	   -7.337448e+002
+8.635568e+002	   -7.363627e+002
+8.649325e+002	   -7.389877e+002
+8.663082e+002	   -7.415933e+002
+8.676838e+002	   -7.441872e+002
+8.690595e+002	   -7.468116e+002
+8.704352e+002	   -7.494252e+002
+8.718109e+002	   -7.520298e+002
+8.731866e+002	   -7.546531e+002
+8.745623e+002	   -7.572516e+002
+8.759380e+002	   -7.598733e+002
+8.773137e+002	   -7.624852e+002
+8.786893e+002	   -7.650988e+002
+8.800650e+002	   -7.677039e+002
+8.814407e+002	   -7.702838e+002
+8.828164e+002	   -7.729221e+002
+8.841921e+002	   -7.755410e+002
+8.855678e+002	   -7.781194e+002
+8.869435e+002	   -7.807725e+002
+8.883192e+002	   -7.833887e+002
+8.896948e+002	   -7.859378e+002
+8.910706e+002	   -7.885884e+002
+8.924462e+002	   -7.912164e+002
+8.938219e+002	   -7.938192e+002
+8.951976e+002	   -7.964476e+002
+8.965733e+002	   -7.990590e+002
+8.979490e+002	   -8.016567e+002
+8.993246e+002	   -8.042626e+002
+9.007004e+002	   -8.068932e+002
+9.020760e+002	   -8.094953e+002
+9.034517e+002	   -8.120592e+002
+9.048274e+002	   -8.146768e+002
+9.062031e+002	   -8.173304e+002
+9.075788e+002	   -8.198986e+002
+9.089545e+002	   -8.225635e+002
+9.103301e+002	   -8.251597e+002
+9.117059e+002	   -8.277828e+002
+9.130815e+002	   -8.303883e+002
+9.144572e+002	   -8.329965e+002
+9.158329e+002	   -8.356042e+002
+9.172086e+002	   -8.382310e+002
+9.185843e+002	   -8.408525e+002
+9.199600e+002	   -8.434504e+002
+9.213357e+002	   -8.460645e+002
+9.227114e+002	   -8.486644e+002
+9.240870e+002	   -8.512432e+002
+9.254627e+002	   -8.539001e+002
+9.268384e+002	   -8.565112e+002
+9.282141e+002	   -8.591264e+002
+9.295898e+002	   -8.617324e+002
+9.309655e+002	   -8.643159e+002
+9.323412e+002	   -8.669606e+002
+9.337169e+002	   -8.695704e+002
+9.350925e+002	   -8.721759e+002
+9.364683e+002	   -8.747932e+002
+9.378439e+002	   -8.773979e+002
+9.392196e+002	   -8.800092e+002
+9.405953e+002	   -8.826374e+002
+9.419710e+002	   -8.852310e+002
+9.433467e+002	   -8.878502e+002
+9.447224e+002	   -8.904527e+002
+9.460980e+002	   -8.930755e+002
+9.474738e+002	   -8.956874e+002
+9.488494e+002	   -8.982945e+002
+9.502251e+002	   -9.009146e+002
+9.516008e+002	   -9.034889e+002
+9.529765e+002	   -9.060834e+002
+9.543522e+002	   -9.087155e+002
+9.557278e+002	   -9.113486e+002
+9.571036e+002	   -9.139692e+002
+9.584792e+002	   -9.165810e+002
+9.598549e+002	   -9.191918e+002
+9.612306e+002	   -9.218133e+002
+9.626063e+002	   -9.244206e+002
+9.639820e+002	   -9.269807e+002
+9.653577e+002	   -9.296333e+002
+9.667333e+002	   -9.322416e+002
+9.681091e+002	   -9.348498e+002
+9.694847e+002	   -9.374789e+002
+9.708604e+002	   -9.400722e+002
+9.722361e+002	   -9.426947e+002
+9.736118e+002	   -9.452651e+002
+9.749875e+002	   -9.479200e+002
+9.763632e+002	   -9.505308e+002
+9.777389e+002	   -9.531412e+002
+9.791146e+002	   -9.557481e+002
+9.804902e+002	   -9.583665e+002
+9.818659e+002	   -9.609819e+002
+9.832416e+002	   -9.635450e+002
+9.846173e+002	   -9.661967e+002
+9.859930e+002	   -9.687706e+002
+9.873687e+002	   -9.714214e+002
+9.887444e+002	   -9.740274e+002
+9.901201e+002	   -9.766422e+002
+9.914957e+002	   -9.792614e+002
+9.928715e+002	   -9.818721e+002
+9.942471e+002	   -9.844662e+002
+9.956228e+002	   -9.870864e+002
+9.969985e+002	   -9.896951e+002
+9.983742e+002	   -9.923101e+002
+9.997499e+002	   -9.948929e+002
+1.001126e+003	   -9.975472e+002
+1.002501e+003	   -1.000144e+003
+1.003877e+003	   -1.002763e+003
+1.005253e+003	   -1.005357e+003
+1.006628e+003	   -1.007986e+003
+1.008004e+003	   -1.010590e+003
+1.009380e+003	   -1.013164e+003
+1.010755e+003	   -1.015782e+003
+1.012131e+003	   -1.018422e+003
+1.013507e+003	   -1.021040e+003
+1.014882e+003	   -1.023649e+003
+1.016258e+003	   -1.026256e+003
+1.017634e+003	   -1.028868e+003
+1.019010e+003	   -1.031453e+003
+1.020385e+003	   -1.034105e+003
+1.021761e+003	   -1.036700e+003
+1.023137e+003	   -1.039286e+003
+1.024512e+003	   -1.041929e+003
+1.025888e+003	   -1.044540e+003
+1.027264e+003	   -1.047114e+003
+1.028639e+003	   -1.049720e+003
+1.030015e+003	   -1.052370e+003
+1.031391e+003	   -1.054977e+003
+1.032766e+003	   -1.057597e+003
+1.034142e+003	   -1.060203e+003
+1.035518e+003	   -1.062812e+003
+1.036893e+003	   -1.065427e+003
+1.038269e+003	   -1.068041e+003
+1.039645e+003	   -1.070648e+003
+1.041021e+003	   -1.073260e+003
+1.042396e+003	   -1.075843e+003
+1.043772e+003	   -1.078479e+003
+1.045148e+003	   -1.081090e+003
+1.046523e+003	   -1.083700e+003
+1.047899e+003	   -1.086320e+003
+1.049275e+003	   -1.088929e+003
+1.050650e+003	   -1.091543e+003
+1.052026e+003	   -1.094150e+003
+1.053402e+003	   -1.096762e+003
+1.054777e+003	   -1.099370e+003
+1.056153e+003	   -1.101989e+003
+1.057529e+003	   -1.104597e+003
+1.058904e+003	   -1.107206e+003
+1.060280e+003	   -1.109818e+003
+1.061656e+003	   -1.112388e+003
+1.063031e+003	   -1.115037e+003
+1.064407e+003	   -1.117652e+003
+1.065783e+003	   -1.120266e+003
+1.067159e+003	   -1.122840e+003
+1.068534e+003	   -1.125461e+003
+1.069910e+003	   -1.128096e+003
+1.071286e+003	   -1.130707e+003
+1.072661e+003	   -1.133328e+003
+1.074037e+003	   -1.135926e+003
+1.075413e+003	   -1.138544e+003
+1.076788e+003	   -1.141149e+003
+1.078164e+003	   -1.143770e+003
+1.079540e+003	   -1.146373e+003
+1.080915e+003	   -1.148980e+003
+1.082291e+003	   -1.151600e+003
+1.083667e+003	   -1.154180e+003
+1.085042e+003	   -1.156824e+003
+1.086418e+003	   -1.159433e+003
+1.087794e+003	   -1.162047e+003
+1.089170e+003	   -1.164655e+003
+1.090545e+003	   -1.167267e+003
+1.091921e+003	   -1.169889e+003
+1.093297e+003	   -1.172484e+003
+1.094672e+003	   -1.175103e+003
+1.096048e+003	   -1.177712e+003
+1.097424e+003	   -1.180331e+003
+1.098799e+003	   -1.182910e+003
+1.100175e+003	   -1.185512e+003
+1.101551e+003	   -1.188126e+003
+1.102927e+003	   -1.190724e+003
+1.104302e+003	   -1.193370e+003
+1.105678e+003	   -1.195999e+003
+1.107053e+003	   -1.198584e+003
+1.108429e+003	   -1.201206e+003
+1.109805e+003	   -1.203813e+003
+1.111181e+003	   -1.206413e+003
+1.112556e+003	   -1.209046e+003
+1.113932e+003	   -1.211657e+003
+1.115308e+003	   -1.214258e+003
+1.116683e+003	   -1.216871e+003
+1.118059e+003	   -1.219481e+003
+1.119435e+003	   -1.222094e+003
+1.120810e+003	   -1.224703e+003
+1.122186e+003	   -1.227321e+003
+1.123562e+003	   -1.229897e+003
+1.124938e+003	   -1.232532e+003
+1.126313e+003	   -1.235155e+003
+1.127689e+003	   -1.237755e+003
+1.129065e+003	   -1.240371e+003
+1.130440e+003	   -1.242983e+003
+1.131816e+003	   -1.245591e+003
+1.133192e+003	   -1.248211e+003
+1.134567e+003	   -1.250813e+003
+1.135943e+003	   -1.253432e+003
+1.137319e+003	   -1.256033e+003
+1.138694e+003	   -1.258653e+003
+1.140070e+003	   -1.261263e+003
+1.141446e+003	   -1.263866e+003
+1.142821e+003	   -1.266478e+003
+1.144197e+003	   -1.269061e+003
+1.145573e+003	   -1.271704e+003
+1.146948e+003	   -1.274319e+003
+1.148324e+003	   -1.276927e+003
+1.149700e+003	   -1.279536e+003
+1.151076e+003	   -1.282152e+003
+1.152451e+003	   -1.284762e+003
+1.153827e+003	   -1.287360e+003
+1.155203e+003	   -1.289976e+003
+1.156578e+003	   -1.292579e+003
+1.157954e+003	   -1.295205e+003
+1.159330e+003	   -1.297783e+003
+1.160705e+003	   -1.300417e+003
+1.162081e+003	   -1.303006e+003
+1.163457e+003	   -1.305640e+003
+1.164832e+003	   -1.308259e+003
+1.166208e+003	   -1.310835e+003
+1.167584e+003	   -1.313481e+003
+1.168959e+003	   -1.316085e+003
+1.170335e+003	   -1.318707e+003
+1.171711e+003	   -1.321318e+003
+1.173087e+003	   -1.323912e+003
+1.174462e+003	   -1.326523e+003
+1.175838e+003	   -1.329137e+003
+1.177214e+003	   -1.331756e+003
+1.178589e+003	   -1.334364e+003
+1.179965e+003	   -1.336976e+003
+1.181341e+003	   -1.339596e+003
+1.182716e+003	   -1.342203e+003
+1.184092e+003	   -1.344818e+003
+1.185468e+003	   -1.347431e+003
+1.186843e+003	   -1.350011e+003
+1.188219e+003	   -1.352638e+003
+1.189595e+003	   -1.355214e+003
+1.190970e+003	   -1.357871e+003
+1.192346e+003	   -1.360474e+003
+1.193722e+003	   -1.363086e+003
+1.195098e+003	   -1.365707e+003
+1.196473e+003	   -1.368298e+003
+1.197849e+003	   -1.370914e+003
+1.199225e+003	   -1.373528e+003
+1.200600e+003	   -1.376143e+003
+1.201976e+003	   -1.378743e+003
+1.203352e+003	   -1.381354e+003
+1.204727e+003	   -1.383971e+003
+1.206103e+003	   -1.386590e+003
+1.207479e+003	   -1.389193e+003
+1.208854e+003	   -1.391802e+003
+1.210230e+003	   -1.394407e+003
+1.211606e+003	   -1.397024e+003
+1.212981e+003	   -1.399633e+003
+1.214357e+003	   -1.402241e+003
+1.215733e+003	   -1.404848e+003
+1.217109e+003	   -1.407465e+003
+1.218484e+003	   -1.410056e+003
+1.219860e+003	   -1.412686e+003
+1.221236e+003	   -1.415302e+003
+1.222611e+003	   -1.417908e+003
+1.223987e+003	   -1.420523e+003
+1.225363e+003	   -1.423126e+003
+1.226738e+003	   -1.425740e+003
+1.228114e+003	   -1.428361e+003
+1.229490e+003	   -1.430971e+003
+1.230865e+003	   -1.433563e+003
+1.232241e+003	   -1.436183e+003
+1.233617e+003	   -1.438800e+003
+1.234993e+003	   -1.441412e+003
+1.236368e+003	   -1.444025e+003
+1.237744e+003	   -1.446637e+003
+1.239120e+003	   -1.449247e+003
+1.240495e+003	   -1.451854e+003
+1.241871e+003	   -1.454456e+003
+1.243247e+003	   -1.457057e+003
+1.244622e+003	   -1.459677e+003
+1.245998e+003	   -1.462302e+003
+1.247374e+003	   -1.464916e+003
+1.248749e+003	   -1.467497e+003
+1.250125e+003	   -1.470135e+003
+1.251501e+003	   -1.472698e+003
+1.252876e+003	   -1.475354e+003
+1.254252e+003	   -1.477958e+003
+1.255628e+003	   -1.480572e+003
+1.257004e+003	   -1.483136e+003
+1.258379e+003	   -1.485807e+003
+1.259755e+003	   -1.488391e+003
+1.261131e+003	   -1.490994e+003
+1.262506e+003	   -1.493635e+003
+1.263882e+003	   -1.496237e+003
+1.265258e+003	   -1.498855e+003
+1.266633e+003	   -1.501449e+003
+1.268009e+003	   -1.504058e+003
+1.269385e+003	   -1.506673e+003
+1.270760e+003	   -1.509277e+003
+1.272136e+003	   -1.511894e+003
+1.273512e+003	   -1.514516e+003
+1.274887e+003	   -1.517143e+003
+1.276263e+003	   -1.519739e+003
+1.277639e+003	   -1.522335e+003
+1.279015e+003	   -1.524947e+003
+1.280390e+003	   -1.527582e+003
+1.281766e+003	   -1.530160e+003
+1.283142e+003	   -1.532780e+003
+1.284517e+003	   -1.535398e+003
+1.285893e+003	   -1.537969e+003
+1.287269e+003	   -1.540606e+003
+1.288644e+003	   -1.543230e+003
+1.290020e+003	   -1.545820e+003
+1.291396e+003	   -1.548448e+003
+1.292771e+003	   -1.551056e+003
+1.294147e+003	   -1.553661e+003
+1.295523e+003	   -1.556267e+003
+1.296898e+003	   -1.558888e+003
+1.298274e+003	   -1.561501e+003
+1.299650e+003	   -1.564122e+003
+1.301026e+003	   -1.566733e+003
+1.302401e+003	   -1.569334e+003
+1.303777e+003	   -1.571941e+003
+1.305153e+003	   -1.574526e+003
+1.306528e+003	   -1.577155e+003
+1.307904e+003	   -1.579764e+003
+1.309280e+003	   -1.582373e+003
+1.310655e+003	   -1.584976e+003
+1.312031e+003	   -1.587603e+003
+1.313407e+003	   -1.590211e+003
+1.314782e+003	   -1.592827e+003
+1.316158e+003	   -1.595431e+003
+1.317534e+003	   -1.598049e+003
+1.318909e+003	   -1.600624e+003
+1.320285e+003	   -1.603272e+003
+1.321661e+003	   -1.605878e+003
+1.323036e+003	   -1.608493e+003
+1.324412e+003	   -1.611099e+003
+1.325788e+003	   -1.613710e+003
+1.327164e+003	   -1.616317e+003
+1.328539e+003	   -1.618927e+003
+1.329915e+003	   -1.621544e+003
+1.331291e+003	   -1.624152e+003
+1.332666e+003	   -1.626761e+003
+1.334042e+003	   -1.629370e+003
+1.335418e+003	   -1.631980e+003
+1.336793e+003	   -1.634592e+003
+1.338169e+003	   -1.637203e+003
+1.339545e+003	   -1.639816e+003
+1.340920e+003	   -1.642423e+003
+1.342296e+003	   -1.645031e+003
+1.343672e+003	   -1.647646e+003
+1.345047e+003	   -1.650266e+003
+1.346423e+003	   -1.652858e+003
+1.347799e+003	   -1.655475e+003
+1.349175e+003	   -1.658082e+003
+1.350550e+003	   -1.660704e+003
+1.351926e+003	   -1.663274e+003
+1.353302e+003	   -1.665915e+003
+1.354677e+003	   -1.668500e+003
+1.356053e+003	   -1.671138e+003
+1.357429e+003	   -1.673753e+003
+1.358804e+003	   -1.676372e+003
+1.360180e+003	   -1.678970e+003
+1.361556e+003	   -1.681574e+003
+1.362932e+003	   -1.684195e+003
+1.364307e+003	   -1.686804e+003
+1.365683e+003	   -1.689411e+003
+1.367058e+003	   -1.692017e+003
+1.368434e+003	   -1.694587e+003
+1.369810e+003	   -1.697247e+003
+1.371186e+003	   -1.699861e+003
+1.372561e+003	   -1.702471e+003
+1.373937e+003	   -1.705040e+003
+1.375313e+003	   -1.707695e+003
+1.376688e+003	   -1.710305e+003
+1.378064e+003	   -1.712915e+003
+1.379440e+003	   -1.715487e+003
+1.380815e+003	   -1.718141e+003
+1.382191e+003	   -1.720733e+003
+1.383567e+003	   -1.723361e+003
+1.384943e+003	   -1.725925e+003
+1.386318e+003	   -1.728572e+003
+1.387694e+003	   -1.731182e+003
+1.389070e+003	   -1.733799e+003
+1.390445e+003	   -1.736410e+003
+1.391821e+003	   -1.739014e+003
+1.393197e+003	   -1.741629e+003
+1.394572e+003	   -1.744230e+003
+1.395948e+003	   -1.746838e+003
+1.397324e+003	   -1.749461e+003
+1.398699e+003	   -1.752071e+003
+1.400075e+003	   -1.754639e+003
+1.401451e+003	   -1.757290e+003
+1.402826e+003	   -1.759865e+003
+1.404202e+003	   -1.762505e+003
+1.405578e+003	   -1.765121e+003
+1.406953e+003	   -1.767730e+003
+1.408329e+003	   -1.770313e+003
+1.409705e+003	   -1.772951e+003
+1.411081e+003	   -1.775559e+003
+1.412456e+003	   -1.778173e+003
+1.413832e+003	   -1.780749e+003
+1.415208e+003	   -1.783397e+003
+1.416583e+003	   -1.785999e+003
+1.417959e+003	   -1.788615e+003
+1.419335e+003	   -1.791229e+003
+1.420710e+003	   -1.793829e+003
+1.422086e+003	   -1.796445e+003
+1.423462e+003	   -1.799053e+003
+1.424837e+003	   -1.801667e+003
+1.426213e+003	   -1.804271e+003
+1.427589e+003	   -1.806887e+003
+1.428964e+003	   -1.809465e+003
+1.430340e+003	   -1.812103e+003
+1.431716e+003	   -1.814717e+003
+1.433092e+003	   -1.817297e+003
+1.434467e+003	   -1.819937e+003
+1.435843e+003	   -1.822548e+003
+1.437219e+003	   -1.825159e+003
+1.438594e+003	   -1.827770e+003
+1.439970e+003	   -1.830380e+003
+1.441346e+003	   -1.832989e+003
+1.442721e+003	   -1.835569e+003
+1.444097e+003	   -1.838212e+003
+1.445473e+003	   -1.840816e+003
+1.446848e+003	   -1.843430e+003
+1.448224e+003	   -1.846040e+003
+1.449600e+003	   -1.848656e+003
+1.450975e+003	   -1.851253e+003
+1.452351e+003	   -1.853877e+003
+1.453727e+003	   -1.856495e+003
+1.455103e+003	   -1.859088e+003
+1.456478e+003	   -1.861703e+003
+1.457854e+003	   -1.864307e+003
+1.459230e+003	   -1.866920e+003
+1.460605e+003	   -1.869533e+003
+1.461981e+003	   -1.872142e+003
+1.463357e+003	   -1.874730e+003
+1.464732e+003	   -1.877363e+003
+1.466108e+003	   -1.879984e+003
+1.467484e+003	   -1.882597e+003
+1.468859e+003	   -1.885197e+003
+1.470235e+003	   -1.887803e+003
+1.471611e+003	   -1.890420e+003
+1.472986e+003	   -1.893032e+003
+1.474362e+003	   -1.895644e+003
+1.475738e+003	   -1.898217e+003
+1.477114e+003	   -1.900851e+003
+1.478489e+003	   -1.903469e+003
+1.479865e+003	   -1.906082e+003
+1.481241e+003	   -1.908686e+003
+1.482616e+003	   -1.911295e+003
+1.483992e+003	   -1.913902e+003
+1.485368e+003	   -1.916523e+003
+1.486743e+003	   -1.919135e+003
+1.488119e+003	   -1.921749e+003
+1.489495e+003	   -1.924354e+003
+1.490870e+003	   -1.926960e+003
+1.492246e+003	   -1.929548e+003
+1.493622e+003	   -1.932186e+003
+1.494998e+003	   -1.934789e+003
+1.496373e+003	   -1.937411e+003
+1.497749e+003	   -1.940015e+003
+1.499125e+003	   -1.942619e+003
+1.500500e+003	   -1.945199e+003
+1.501876e+003	   -1.947839e+003
+1.503252e+003	   -1.950417e+003
+1.504627e+003	   -1.953060e+003
+1.506003e+003	   -1.955681e+003
+1.507379e+003	   -1.958288e+003
+1.508754e+003	   -1.960894e+003
+1.510130e+003	   -1.963506e+003
+1.511506e+003	   -1.966118e+003
+1.512881e+003	   -1.968723e+003
+1.514257e+003	   -1.971339e+003
+1.515633e+003	   -1.973921e+003
+1.517009e+003	   -1.976557e+003
+1.518384e+003	   -1.979167e+003
+1.519760e+003	   -1.981779e+003
+1.521136e+003	   -1.984387e+003
+1.522511e+003	   -1.986995e+003
+1.523887e+003	   -1.989610e+003
+1.525263e+003	   -1.992219e+003
+1.526638e+003	   -1.994832e+003
+1.528014e+003	   -1.997436e+003
+1.529390e+003	   -2.000050e+003
+1.530765e+003	   -2.002663e+003
+1.532141e+003	   -2.005267e+003
+1.533517e+003	   -2.007879e+003
+1.534892e+003	   -2.010487e+003
+1.536268e+003	   -2.013100e+003
+1.537644e+003	   -2.015714e+003
+1.539020e+003	   -2.018328e+003
+1.540395e+003	   -2.020931e+003
+1.541771e+003	   -2.023551e+003
+1.543147e+003	   -2.026148e+003
+1.544522e+003	   -2.028763e+003
+1.545898e+003	   -2.031377e+003
+1.547274e+003	   -2.033957e+003
+1.548649e+003	   -2.036597e+003
+1.550025e+003	   -2.039206e+003
+1.551401e+003	   -2.041821e+003
+1.552776e+003	   -2.044417e+003
+1.554152e+003	   -2.047029e+003
+1.555528e+003	   -2.049645e+003
+1.556903e+003	   -2.052250e+003
+1.558279e+003	   -2.054867e+003
+1.559655e+003	   -2.057472e+003
+1.561031e+003	   -2.060082e+003
+1.562406e+003	   -2.062664e+003
+1.563782e+003	   -2.065303e+003
+1.565158e+003	   -2.067881e+003
+1.566533e+003	   -2.070536e+003
+1.567909e+003	   -2.073141e+003
+1.569285e+003	   -2.075712e+003
+1.570660e+003	   -2.078368e+003
+1.572036e+003	   -2.080968e+003
+1.573412e+003	   -2.083583e+003
+1.574787e+003	   -2.086186e+003
+1.576163e+003	   -2.088800e+003
+1.577539e+003	   -2.091413e+003
+1.578914e+003	   -2.094017e+003
+1.580290e+003	   -2.096626e+003
+1.581666e+003	   -2.099237e+003
+1.583042e+003	   -2.101848e+003
+1.584417e+003	   -2.104464e+003
+1.585793e+003	   -2.107035e+003
+1.587169e+003	   -2.109651e+003
+1.588544e+003	   -2.112298e+003
+1.589920e+003	   -2.114901e+003
+1.591296e+003	   -2.117516e+003
+1.592671e+003	   -2.120124e+003
+1.594047e+003	   -2.122735e+003
+1.595423e+003	   -2.125344e+003
+1.596798e+003	   -2.127948e+003
+1.598174e+003	   -2.130562e+003
+1.599550e+003	   -2.133143e+003
+1.600925e+003	   -2.135782e+003
+1.602301e+003	   -2.138389e+003
+1.603677e+003	   -2.141003e+003
+1.605052e+003	   -2.143611e+003
+1.606428e+003	   -2.146225e+003
+1.607804e+003	   -2.148830e+003
+1.609180e+003	   -2.151442e+003
+1.610555e+003	   -2.154056e+003
+1.611931e+003	   -2.156664e+003
+1.613307e+003	   -2.159273e+003
+1.614682e+003	   -2.161855e+003
+1.616058e+003	   -2.164495e+003
+1.617434e+003	   -2.167104e+003
+1.618809e+003	   -2.169715e+003
+1.620185e+003	   -2.172327e+003
+1.621561e+003	   -2.174934e+003
+1.622937e+003	   -2.177545e+003
+1.624312e+003	   -2.180156e+003
+1.625688e+003	   -2.182765e+003
+1.627063e+003	   -2.185374e+003
+1.628439e+003	   -2.187947e+003
+1.629815e+003	   -2.190565e+003
+1.631191e+003	   -2.193208e+003
+1.632566e+003	   -2.195786e+003
+1.633942e+003	   -2.198430e+003
+1.635318e+003	   -2.201005e+003
+1.636693e+003	   -2.203642e+003
+1.638069e+003	   -2.206256e+003
+1.639445e+003	   -2.208873e+003
+1.640820e+003	   -2.211479e+003
+1.642196e+003	   -2.214089e+003
+1.643572e+003	   -2.216697e+003
+1.644948e+003	   -2.219302e+003
+1.646323e+003	   -2.221921e+003
+1.647699e+003	   -2.224535e+003
+1.649075e+003	   -2.227137e+003
+1.650450e+003	   -2.229760e+003
+1.651826e+003	   -2.232354e+003
+1.653202e+003	   -2.234967e+003
+1.654577e+003	   -2.237583e+003
+1.655953e+003	   -2.240191e+003
+1.657329e+003	   -2.242811e+003
+1.658704e+003	   -2.245410e+003
+1.660080e+003	   -2.248028e+003
+1.661456e+003	   -2.250637e+003
+1.662831e+003	   -2.253234e+003
+1.664207e+003	   -2.255851e+003
+1.665583e+003	   -2.258475e+003
+1.666958e+003	   -2.261070e+003
+1.668334e+003	   -2.263677e+003
+1.669710e+003	   -2.266291e+003
+1.671086e+003	   -2.268892e+003
+1.672461e+003	   -2.271509e+003
+1.673837e+003	   -2.274083e+003
+1.675213e+003	   -2.276698e+003
+1.676588e+003	   -2.279347e+003
+1.677964e+003	   -2.281958e+003
+1.679340e+003	   -2.284557e+003
+1.680715e+003	   -2.287179e+003
+1.682091e+003	   -2.289752e+003
+1.683467e+003	   -2.292398e+003
+1.684842e+003	   -2.295001e+003
+1.686218e+003	   -2.297606e+003
+1.687594e+003	   -2.300194e+003
+1.688969e+003	   -2.302838e+003
+1.690345e+003	   -2.305449e+003
+1.691721e+003	   -2.308053e+003
+1.693097e+003	   -2.310628e+003
+1.694472e+003	   -2.313272e+003
+1.695848e+003	   -2.315883e+003
+1.697224e+003	   -2.318491e+003
+1.698599e+003	   -2.321107e+003
+1.699975e+003	   -2.323684e+003
+1.701351e+003	   -2.326326e+003
+1.702726e+003	   -2.328932e+003
+1.704102e+003	   -2.331542e+003
+1.705478e+003	   -2.334156e+003
+1.706853e+003	   -2.336769e+003
+1.708229e+003	   -2.339375e+003
+1.709605e+003	   -2.341985e+003
+1.710980e+003	   -2.344595e+003
+1.712356e+003	   -2.347203e+003
+1.713732e+003	   -2.349812e+003
+1.715108e+003	   -2.352424e+003
+1.716483e+003	   -2.355035e+003
+1.717859e+003	   -2.357615e+003
+1.719235e+003	   -2.360257e+003
+1.720610e+003	   -2.362861e+003
+1.721986e+003	   -2.365472e+003
+1.723362e+003	   -2.368084e+003
+1.724737e+003	   -2.370691e+003
+1.726113e+003	   -2.373273e+003
+1.727489e+003	   -2.375914e+003
+1.728864e+003	   -2.378530e+003
+1.730240e+003	   -2.381133e+003
+1.731616e+003	   -2.383744e+003
+1.732991e+003	   -2.386366e+003
+1.734367e+003	   -2.388966e+003
+1.735743e+003	   -2.391572e+003
+1.737119e+003	   -2.394182e+003
+1.738494e+003	   -2.396801e+003
+1.739870e+003	   -2.399414e+003
+1.741246e+003	   -2.402013e+003
+1.742621e+003	   -2.404627e+003
+1.743997e+003	   -2.407230e+003
+1.745373e+003	   -2.409855e+003
+1.746748e+003	   -2.412459e+003
+1.748124e+003	   -2.415073e+003
+1.749500e+003	   -2.417656e+003
+1.750875e+003	   -2.420292e+003
+1.752251e+003	   -2.422898e+003
+1.753627e+003	   -2.425499e+003
+1.755002e+003	   -2.428111e+003
+1.756378e+003	   -2.430726e+003
+1.757754e+003	   -2.433334e+003
+1.759130e+003	   -2.435933e+003
+1.760505e+003	   -2.438566e+003
+1.761881e+003	   -2.441167e+003
+1.763257e+003	   -2.443774e+003
+1.764632e+003	   -2.446393e+003
+1.766008e+003	   -2.448991e+003
+1.767384e+003	   -2.451612e+003
+1.768759e+003	   -2.454223e+003
+1.770135e+003	   -2.456819e+003
+1.771511e+003	   -2.459433e+003
+1.772886e+003	   -2.462011e+003
+1.774262e+003	   -2.464658e+003
+1.775638e+003	   -2.467235e+003
+1.777014e+003	   -2.469872e+003
+1.778389e+003	   -2.472492e+003
+1.779765e+003	   -2.475098e+003
+1.781141e+003	   -2.477710e+003
+1.782516e+003	   -2.480314e+003
+1.783892e+003	   -2.482932e+003
+1.785268e+003	   -2.485543e+003
+1.786643e+003	   -2.488149e+003
+1.788019e+003	   -2.490761e+003
+1.789395e+003	   -2.493369e+003
+1.790770e+003	   -2.495981e+003
+1.792146e+003	   -2.498588e+003
+1.793522e+003	   -2.501200e+003
+1.794897e+003	   -2.503810e+003
+1.796273e+003	   -2.506422e+003
+1.797649e+003	   -2.509034e+003
+1.799025e+003	   -2.511640e+003
+1.800400e+003	   -2.514221e+003
+1.801776e+003	   -2.516831e+003
+1.803152e+003	   -2.519475e+003
+1.804527e+003	   -2.522083e+003
+1.805903e+003	   -2.524692e+003
+1.807279e+003	   -2.527299e+003
+1.808654e+003	   -2.529910e+003
+1.810030e+003	   -2.532522e+003
+1.811406e+003	   -2.535131e+003
+1.812781e+003	   -2.537744e+003
+1.814157e+003	   -2.540325e+003
+1.815533e+003	   -2.542959e+003
+1.816908e+003	   -2.545540e+003
+1.818284e+003	   -2.548181e+003
+1.819660e+003	   -2.550790e+003
+1.821036e+003	   -2.553402e+003
+1.822411e+003	   -2.555974e+003
+1.823787e+003	   -2.558612e+003
+1.825163e+003	   -2.561229e+003
+1.826538e+003	   -2.563834e+003
+1.827914e+003	   -2.566452e+003
+1.829290e+003	   -2.569058e+003
+1.830665e+003	   -2.571668e+003
+1.832041e+003	   -2.574253e+003
+1.833417e+003	   -2.576863e+003
+1.834792e+003	   -2.579504e+003
+1.836168e+003	   -2.582106e+003
+1.837544e+003	   -2.584687e+003
+1.838919e+003	   -2.587331e+003
+1.840295e+003	   -2.589910e+003
+1.841671e+003	   -2.592519e+003
+1.843047e+003	   -2.595159e+003
+1.844422e+003	   -2.597777e+003
+1.845798e+003	   -2.600384e+003
+1.847174e+003	   -2.602980e+003
+1.848549e+003	   -2.605618e+003
+1.849925e+003	   -2.608195e+003
+1.851301e+003	   -2.610814e+003
+1.852676e+003	   -2.613425e+003
+1.854052e+003	   -2.616041e+003
+1.855428e+003	   -2.618653e+003
+1.856803e+003	   -2.621270e+003
+1.858179e+003	   -2.623873e+003
+1.859555e+003	   -2.626476e+003
+1.860930e+003	   -2.629095e+003
+1.862306e+003	   -2.631694e+003
+1.863682e+003	   -2.634308e+003
+1.865057e+003	   -2.636923e+003
+1.866433e+003	   -2.639546e+003
+1.867809e+003	   -2.642153e+003
+1.869185e+003	   -2.644746e+003
+1.870560e+003	   -2.647350e+003
+1.871936e+003	   -2.649961e+003
+1.873312e+003	   -2.652570e+003
+1.874687e+003	   -2.655185e+003
+1.876063e+003	   -2.657799e+003
+1.877439e+003	   -2.660418e+003
+1.878814e+003	   -2.663032e+003
+1.880190e+003	   -2.665621e+003
+1.881566e+003	   -2.668236e+003
+1.882942e+003	   -2.670857e+003
+1.884317e+003	   -2.673458e+003
+1.885693e+003	   -2.676072e+003
+1.887068e+003	   -2.678686e+003
+1.888444e+003	   -2.681281e+003
+1.889820e+003	   -2.683907e+003
+1.891196e+003	   -2.686508e+003
+1.892571e+003	   -2.689081e+003
+1.893947e+003	   -2.691748e+003
+1.895323e+003	   -2.694338e+003
+1.896698e+003	   -2.696937e+003
+1.898074e+003	   -2.699560e+003
+1.899450e+003	   -2.702180e+003
+1.900825e+003	   -2.704797e+003
+1.902201e+003	   -2.707405e+003
+1.903577e+003	   -2.710011e+003
+1.904953e+003	   -2.712626e+003
+1.906328e+003	   -2.715238e+003
+1.907704e+003	   -2.717847e+003
+1.909080e+003	   -2.720447e+003
+1.910455e+003	   -2.723044e+003
+1.911831e+003	   -2.725647e+003
+1.913207e+003	   -2.728277e+003
+1.914582e+003	   -2.730895e+003
+1.915958e+003	   -2.733471e+003
+1.917334e+003	   -2.736109e+003
+1.918709e+003	   -2.738706e+003
+1.920085e+003	   -2.741317e+003
+1.921461e+003	   -2.743918e+003
+1.922836e+003	   -2.746516e+003
+1.924212e+003	   -2.749111e+003
+1.925588e+003	   -2.751773e+003
+1.926964e+003	   -2.754372e+003
+1.928339e+003	   -2.756947e+003
+1.929715e+003	   -2.759579e+003
+1.931091e+003	   -2.762211e+003
+1.932466e+003	   -2.764820e+003
+1.933842e+003	   -2.767424e+003
+1.935218e+003	   -2.770032e+003
+1.936593e+003	   -2.772641e+003
+1.937969e+003	   -2.775255e+003
+1.939345e+003	   -2.777829e+003
+1.940720e+003	   -2.780479e+003
+1.942096e+003	   -2.783086e+003
+1.943472e+003	   -2.785670e+003
+1.944847e+003	   -2.788313e+003
+1.946223e+003	   -2.790929e+003
+1.947599e+003	   -2.793514e+003
+1.948974e+003	   -2.796120e+003
+1.950350e+003	   -2.798738e+003
+1.951726e+003	   -2.801349e+003
+1.953102e+003	   -2.803964e+003
+1.954477e+003	   -2.806570e+003
+1.955853e+003	   -2.809177e+003
+1.957229e+003	   -2.811794e+003
+1.958604e+003	   -2.814365e+003
+1.959980e+003	   -2.817010e+003
+1.961356e+003	   -2.819611e+003
+1.962731e+003	   -2.822239e+003
+1.964107e+003	   -2.824838e+003
+1.965483e+003	   -2.827425e+003
+1.966858e+003	   -2.830033e+003
+1.968234e+003	   -2.832670e+003
+1.969610e+003	   -2.835281e+003
+1.970985e+003	   -2.837889e+003
+1.972361e+003	   -2.840463e+003
+1.973737e+003	   -2.843082e+003
+1.975113e+003	   -2.845717e+003
+1.976488e+003	   -2.848330e+003
+1.977864e+003	   -2.850939e+003
+1.979240e+003	   -2.853545e+003
+1.980615e+003	   -2.856160e+003
+1.981991e+003	   -2.858731e+003
+1.983367e+003	   -2.861376e+003
+1.984742e+003	   -2.863989e+003
+1.986118e+003	   -2.866603e+003
+1.987494e+003	   -2.869174e+003
+1.988869e+003	   -2.871820e+003
+1.990245e+003	   -2.874428e+003
+1.991621e+003	   -2.877034e+003
+1.992996e+003	   -2.879616e+003
+1.994372e+003	   -2.882262e+003
+1.995748e+003	   -2.884868e+003
+1.997124e+003	   -2.887478e+003
+1.998499e+003	   -2.890085e+003
+1.999875e+003	   -2.892690e+003
+2.001251e+003	   -2.895303e+003
+2.002626e+003	   -2.897917e+003
+2.004002e+003	   -2.900530e+003
+2.005378e+003	   -2.903139e+003
+2.006753e+003	   -2.905752e+003
+2.008129e+003	   -2.908350e+003
+2.009505e+003	   -2.910969e+003
+2.010880e+003	   -2.913584e+003
+2.012256e+003	   -2.916186e+003
+2.013632e+003	   -2.918797e+003
+2.015007e+003	   -2.921406e+003
+2.016383e+003	   -2.924018e+003
+2.017759e+003	   -2.926604e+003
+2.019135e+003	   -2.929229e+003
+2.020510e+003	   -2.931847e+003
+2.021886e+003	   -2.934460e+003
+2.023262e+003	   -2.937068e+003
+2.024637e+003	   -2.939670e+003
+2.026013e+003	   -2.942298e+003
+2.027389e+003	   -2.944903e+003
+2.028764e+003	   -2.947509e+003
+2.030140e+003	   -2.950120e+003
+2.031516e+003	   -2.952731e+003
+2.032891e+003	   -2.955347e+003
+2.034267e+003	   -2.957941e+003
+2.035643e+003	   -2.960521e+003
+2.037019e+003	   -2.963165e+003
+2.038394e+003	   -2.965782e+003
+2.039770e+003	   -2.968388e+003
+2.041146e+003	   -2.970959e+003
+2.042521e+003	   -2.973605e+003
+2.043897e+003	   -2.976223e+003
+2.045273e+003	   -2.978826e+003
+2.046648e+003	   -2.981440e+003
+2.048024e+003	   -2.984044e+003
+2.049400e+003	   -2.986654e+003
+2.050775e+003	   -2.989258e+003
+2.052151e+003	   -2.991882e+003
+2.053527e+003	   -2.994476e+003
+2.054902e+003	   -2.997097e+003
+2.056278e+003	   -2.999707e+003
+2.057654e+003	   -3.002309e+003
+2.059030e+003	   -3.004929e+003
+2.060405e+003	   -3.007531e+003
+2.061781e+003	   -3.010149e+003
+2.063156e+003	   -3.012753e+003
+2.064532e+003	   -3.015362e+003
+2.065908e+003	   -3.017928e+003
+2.067284e+003	   -3.020588e+003
+2.068659e+003	   -3.023191e+003
+2.070035e+003	   -3.025771e+003
+2.071411e+003	   -3.028412e+003
+2.072786e+003	   -3.031031e+003
+2.074162e+003	   -3.033635e+003
+2.075538e+003	   -3.036246e+003
+2.076914e+003	   -3.038855e+003
+2.078289e+003	   -3.041461e+003
+2.079665e+003	   -3.044074e+003
+2.081041e+003	   -3.046683e+003
+2.082416e+003	   -3.049292e+003
+2.083792e+003	   -3.051906e+003
+2.085167e+003	   -3.054511e+003
+2.086543e+003	   -3.057120e+003
+2.087919e+003	   -3.059733e+003
+2.089295e+003	   -3.062341e+003
+2.090670e+003	   -3.064948e+003
+2.092046e+003	   -3.067562e+003
+2.093422e+003	   -3.070174e+003
+2.094797e+003	   -3.072782e+003
+2.096173e+003	   -3.075392e+003
+2.097549e+003	   -3.078003e+003
+2.098925e+003	   -3.080609e+003
+2.100300e+003	   -3.083219e+003
+2.101676e+003	   -3.085830e+003
+2.103052e+003	   -3.088440e+003
+2.104427e+003	   -3.091005e+003
+2.105803e+003	   -3.093658e+003
+2.107179e+003	   -3.096269e+003
+2.108554e+003	   -3.098874e+003
+2.109930e+003	   -3.101489e+003
+2.111306e+003	   -3.104058e+003
+2.112681e+003	   -3.106712e+003
+2.114057e+003	   -3.109319e+003
+2.115433e+003	   -3.111933e+003
+2.116808e+003	   -3.114528e+003
+2.118184e+003	   -3.117154e+003
+2.119560e+003	   -3.119765e+003
+2.120936e+003	   -3.122366e+003
+2.122311e+003	   -3.124972e+003
+2.123687e+003	   -3.127589e+003
+2.125063e+003	   -3.130197e+003
+2.126438e+003	   -3.132820e+003
+2.127814e+003	   -3.135411e+003
+2.129190e+003	   -3.138031e+003
+2.130565e+003	   -3.140646e+003
+2.131941e+003	   -3.143250e+003
+2.133317e+003	   -3.145816e+003
+2.134692e+003	   -3.148472e+003
+2.136068e+003	   -3.151081e+003
+2.137444e+003	   -3.153686e+003
+2.138819e+003	   -3.156291e+003
+2.140195e+003	   -3.158898e+003
+2.141571e+003	   -3.161514e+003
+2.142947e+003	   -3.164125e+003
+2.144322e+003	   -3.166739e+003
+2.145698e+003	   -3.169348e+003
+2.147073e+003	   -3.171959e+003
+2.148449e+003	   -3.174558e+003
+2.149825e+003	   -3.177177e+003
+2.151201e+003	   -3.179785e+003
+2.152576e+003	   -3.182394e+003
+2.153952e+003	   -3.185006e+003
+2.155328e+003	   -3.187613e+003
+2.156703e+003	   -3.190220e+003
+2.158079e+003	   -3.192793e+003
+2.159455e+003	   -3.195448e+003
+2.160830e+003	   -3.198053e+003
+2.162206e+003	   -3.200664e+003
+2.163582e+003	   -3.203267e+003
+2.164958e+003	   -3.205885e+003
+2.166333e+003	   -3.208492e+003
+2.167709e+003	   -3.211100e+003
+2.169084e+003	   -3.213713e+003
+2.170460e+003	   -3.216329e+003
+2.171836e+003	   -3.218934e+003
+2.173212e+003	   -3.221498e+003
+2.174587e+003	   -3.224156e+003
+2.175963e+003	   -3.226725e+003
+2.177339e+003	   -3.229372e+003
+2.178714e+003	   -3.231986e+003
+2.180090e+003	   -3.234594e+003
+2.181466e+003	   -3.237204e+003
+2.182841e+003	   -3.239811e+003
+2.184217e+003	   -3.242421e+003
+2.185593e+003	   -3.244992e+003
+2.186969e+003	   -3.247645e+003
+2.188344e+003	   -3.250249e+003
+2.189720e+003	   -3.252862e+003
+2.191095e+003	   -3.255470e+003
+2.192471e+003	   -3.258081e+003
+2.193847e+003	   -3.260691e+003
+2.195223e+003	   -3.263301e+003
+2.196598e+003	   -3.265911e+003
+2.197974e+003	   -3.268522e+003
+2.199350e+003	   -3.271134e+003
+2.200725e+003	   -3.273740e+003
+2.202101e+003	   -3.276345e+003
+2.203477e+003	   -3.278963e+003
+2.204853e+003	   -3.281574e+003
+2.206228e+003	   -3.284178e+003
+2.207604e+003	   -3.286748e+003
+2.208979e+003	   -3.289405e+003
+2.210355e+003	   -3.292009e+003
+2.211731e+003	   -3.294625e+003
+2.213106e+003	   -3.297231e+003
+2.214482e+003	   -3.299833e+003
+2.215858e+003	   -3.302438e+003
+2.217234e+003	   -3.305055e+003
+2.218609e+003	   -3.307679e+003
+2.219985e+003	   -3.310278e+003
+2.221361e+003	   -3.312879e+003
+2.222736e+003	   -3.315499e+003
+2.224112e+003	   -3.318109e+003
+2.225488e+003	   -3.320686e+003
+2.226864e+003	   -3.323325e+003
+2.228239e+003	   -3.325949e+003
+2.229615e+003	   -3.328548e+003
+2.230990e+003	   -3.331155e+003
+2.232366e+003	   -3.333766e+003
+2.233742e+003	   -3.336377e+003
+2.235118e+003	   -3.338986e+003
+2.236493e+003	   -3.341584e+003
+2.237869e+003	   -3.344209e+003
+2.239245e+003	   -3.346816e+003
+2.240620e+003	   -3.349427e+003
+2.241996e+003	   -3.352038e+003
+2.243372e+003	   -3.354651e+003
+2.244747e+003	   -3.357254e+003
+2.246123e+003	   -3.359855e+003
+2.247499e+003	   -3.362478e+003
+2.248875e+003	   -3.365090e+003
+2.250250e+003	   -3.367700e+003
+2.251626e+003	   -3.370313e+003
+2.253001e+003	   -3.372910e+003
+2.254377e+003	   -3.375522e+003
+2.255753e+003	   -3.378141e+003
+2.257129e+003	   -3.380745e+003
+2.258504e+003	   -3.383364e+003
+2.259880e+003	   -3.385962e+003
+2.261256e+003	   -3.388555e+003
+2.262631e+003	   -3.391185e+003
+2.264007e+003	   -3.393794e+003
+2.265383e+003	   -3.396407e+003
+2.266758e+003	   -3.399017e+003
+2.268134e+003	   -3.401625e+003
+2.269510e+003	   -3.404232e+003
+2.270885e+003	   -3.406825e+003
+2.272261e+003	   -3.409429e+003
+2.273637e+003	   -3.412067e+003
+2.275012e+003	   -3.414671e+003
+2.276388e+003	   -3.417288e+003
+2.277764e+003	   -3.419893e+003
+2.279140e+003	   -3.422479e+003
+2.280515e+003	   -3.425114e+003
+2.281891e+003	   -3.427726e+003
+2.283267e+003	   -3.430334e+003
+2.284642e+003	   -3.432943e+003
+2.286018e+003	   -3.435548e+003
+2.287394e+003	   -3.438165e+003
+2.288769e+003	   -3.440768e+003
+2.290145e+003	   -3.443368e+003
+2.291521e+003	   -3.445989e+003
+2.292896e+003	   -3.448594e+003
+2.294272e+003	   -3.451202e+003
+2.295648e+003	   -3.453825e+003
+2.297023e+003	   -3.456429e+003
+2.298399e+003	   -3.459031e+003
+2.299775e+003	   -3.461637e+003
+2.301151e+003	   -3.464263e+003
+2.302526e+003	   -3.466860e+003
+2.303902e+003	   -3.469486e+003
+2.305278e+003	   -3.472083e+003
+2.306653e+003	   -3.474688e+003
+2.308029e+003	   -3.477304e+003
+2.309405e+003	   -3.479919e+003
+2.310780e+003	   -3.482538e+003
+2.312156e+003	   -3.485132e+003
+2.313532e+003	   -3.487747e+003
+2.314907e+003	   -3.490359e+003
+2.316283e+003	   -3.492965e+003
+2.317659e+003	   -3.495588e+003
+2.319034e+003	   -3.498191e+003
+2.320410e+003	   -3.500803e+003
+2.321786e+003	   -3.503399e+003
+2.323162e+003	   -3.506017e+003
+2.324537e+003	   -3.508621e+003
+2.325913e+003	   -3.511219e+003
+2.327289e+003	   -3.513837e+003
+2.328664e+003	   -3.516459e+003
+2.330040e+003	   -3.519050e+003
+2.331416e+003	   -3.521656e+003
+2.332792e+003	   -3.524277e+003
+2.334167e+003	   -3.526913e+003
+2.335543e+003	   -3.529504e+003
+2.336918e+003	   -3.532115e+003
+2.338294e+003	   -3.534712e+003
+2.339670e+003	   -3.537319e+003
+2.341045e+003	   -3.539936e+003
+2.342421e+003	   -3.542553e+003
+2.343797e+003	   -3.545158e+003
+2.345173e+003	   -3.547781e+003
+2.346548e+003	   -3.550378e+003
+2.347924e+003	   -3.552996e+003
+2.349300e+003	   -3.555609e+003
+2.350675e+003	   -3.558194e+003
+2.352051e+003	   -3.560832e+003
+2.353427e+003	   -3.563419e+003
+2.354802e+003	   -3.566036e+003
+2.356178e+003	   -3.568645e+003
+2.357554e+003	   -3.571261e+003
+2.358929e+003	   -3.573870e+003
+2.360305e+003	   -3.576488e+003
+2.361681e+003	   -3.579083e+003
+2.363057e+003	   -3.581703e+003
+2.364432e+003	   -3.584286e+003
+2.365808e+003	   -3.586925e+003
+2.367184e+003	   -3.589507e+003
+2.368559e+003	   -3.592123e+003
+2.369935e+003	   -3.594734e+003
+2.371311e+003	   -3.597349e+003
+2.372686e+003	   -3.599968e+003
+2.374062e+003	   -3.602573e+003
+2.375438e+003	   -3.605164e+003
+2.376813e+003	   -3.607801e+003
+2.378189e+003	   -3.610490e+003
+2.379565e+003	   -3.613037e+003
+2.380940e+003	   -3.615631e+003
+2.382316e+003	   -3.618225e+003
+2.383692e+003	   -3.620817e+003
+2.385068e+003	   -3.623420e+003
+2.386443e+003	   -3.626055e+003
+2.387819e+003	   -3.628708e+003
+2.389195e+003	   -3.631269e+003
+2.390570e+003	   -3.633884e+003
+2.391946e+003	   -3.636526e+003
+2.393322e+003	   -3.639194e+003
+2.394697e+003	   -3.641726e+003
+2.396073e+003	   -3.644371e+003
+2.397449e+003	   -3.646942e+003
+2.398824e+003	   -3.649580e+003
+2.400200e+003	   -3.652172e+003
+2.401576e+003	   -3.654811e+003
+2.402951e+003	   -3.657398e+003
+2.404327e+003	   -3.659980e+003
+2.405703e+003	   -3.662598e+003
+2.407079e+003	   -3.665172e+003
+2.408454e+003	   -3.667817e+003
+2.409830e+003	   -3.670471e+003
+2.411206e+003	   -3.673050e+003
+2.412581e+003	   -3.675653e+003
+2.413957e+003	   -3.678251e+003
+2.415333e+003	   -3.680879e+003
+2.416708e+003	   -3.683524e+003
+2.418084e+003	   -3.686289e+003
+2.419460e+003	   -3.688715e+003
+2.420835e+003	   -3.691348e+003
+2.422211e+003	   -3.693924e+003
+2.423587e+003	   -3.696516e+003
+2.424962e+003	   -3.699211e+003
+2.426338e+003	   -3.701710e+003
+2.427714e+003	   -3.704455e+003
+2.429090e+003	   -3.706891e+003
+2.430465e+003	   -3.709484e+003
+2.431841e+003	   -3.712222e+003
+2.433217e+003	   -3.714707e+003
+2.434592e+003	   -3.717412e+003
+2.435968e+003	   -3.720094e+003
+2.437344e+003	   -3.723011e+003
+2.438719e+003	   -3.725319e+003
+2.440095e+003	   -3.727781e+003
+2.441471e+003	   -3.730415e+003
+2.442846e+003	   -3.732942e+003
+2.444222e+003	   -3.735640e+003
+2.445598e+003	   -3.738230e+003
+2.446973e+003	   -3.740885e+003
+2.448349e+003	   -3.743617e+003
+2.449725e+003	   -3.746631e+003
+2.451101e+003	   -3.749165e+003
+2.452476e+003	   -3.751917e+003
+2.453852e+003	   -3.753954e+003
+2.455228e+003	   -3.756834e+003
+2.456603e+003	   -3.759179e+003
+2.457979e+003	   -3.761861e+003
+2.459355e+003	   -3.764533e+003
+2.460730e+003	   -3.767059e+003
+2.462106e+003	   -3.769455e+003
+2.463482e+003	   -3.772161e+003
+2.464857e+003	   -3.774696e+003
+2.466233e+003	   -3.777399e+003
+2.467609e+003	   -3.780152e+003
+2.468984e+003	   -3.783287e+003
+2.470360e+003	   -3.784948e+003
+2.471736e+003	   -3.787680e+003
+2.473112e+003	   -3.790684e+003
+2.474487e+003	   -3.793434e+003
+2.475863e+003	   -3.795672e+003
+2.477239e+003	   -3.798242e+003
+2.478614e+003	   -3.801495e+003
+2.479990e+003	   -3.803665e+003
+2.481366e+003	   -3.806068e+003
+2.482741e+003	   -3.808599e+003
+2.484117e+003	   -3.811389e+003
+2.485493e+003	   -3.814115e+003
+2.486868e+003	   -3.816936e+003
+2.488244e+003	   -3.818878e+003
+2.489620e+003	   -3.824972e+003
+2.490996e+003	   -3.824105e+003
+2.492371e+003	   -3.827060e+003
+2.493747e+003	   -3.829075e+003
+2.495123e+003	   -3.831947e+003
+2.496498e+003	   -3.839063e+003
+2.497874e+003	   -3.835587e+003
+2.499250e+003	   -3.836140e+003
+2.500625e+003	   -3.848235e+003
+2.502001e+003	   -3.849807e+003
+2.503377e+003	   -3.849162e+003
+2.504752e+003	   -3.859550e+003
+2.506128e+003	   -3.857003e+003
+2.507504e+003	   -3.857044e+003
+2.508879e+003	   -3.870037e+003
+2.510255e+003	   -3.867113e+003
+2.511631e+003	   -3.897313e+003
+2.513007e+003	   -3.916634e+003
+2.514382e+003	   -3.812194e+003
+2.515758e+003	   -3.875995e+003
+2.517134e+003	   -3.937203e+003
+2.518509e+003	   -4.110022e+003
+2.519885e+003	   -4.246304e+003
+2.521261e+003	   -4.388972e+003
+2.522636e+003	   -4.219740e+003
+2.524012e+003	   -4.055006e+003
+2.525388e+003	   -3.888799e+003
+2.526763e+003	   -3.809531e+003
+2.528139e+003	   -3.968385e+003
+2.529515e+003	   -3.892744e+003
+2.530890e+003	   -3.830291e+003
+2.532266e+003	   -3.701704e+003
+2.533642e+003	   -3.629416e+003
+2.535018e+003	   -3.576202e+003
+2.536393e+003	   -3.555106e+003
+2.537769e+003	   -3.563428e+003
+2.539145e+003	   -3.552489e+003
+2.540520e+003	   -3.561326e+003
+2.541896e+003	   -3.573729e+003
+2.543272e+003	   -3.594082e+003
+2.544647e+003	   -3.580685e+003
+2.546023e+003	   -3.557177e+003
+2.547399e+003	   -3.549783e+003
+2.548774e+003	   -3.587029e+003
+2.550150e+003	   -3.575604e+003
+2.551526e+003	   -3.568078e+003
+2.552901e+003	   -3.596001e+003
+2.554277e+003	   -3.568387e+003
+2.555653e+003	   -3.593898e+003
+2.557029e+003	   -3.579787e+003
+2.558404e+003	   -3.607241e+003
+2.559780e+003	   -3.600446e+003
+2.561156e+003	   -3.586447e+003
+2.562531e+003	   -3.602921e+003
+2.563907e+003	   -3.611718e+003
+2.565283e+003	   -3.611410e+003
+2.566658e+003	   -3.599882e+003
+2.568034e+003	   -3.601248e+003
+2.569410e+003	   -3.604622e+003
+2.570785e+003	   -3.610522e+003
+2.572161e+003	   -3.616670e+003
+2.573537e+003	   -3.614342e+003
+2.574912e+003	   -3.621861e+003
+2.576288e+003	   -3.630482e+003
+2.577664e+003	   -3.633272e+003
+2.579040e+003	   -3.632529e+003
+2.580415e+003	   -3.625072e+003
+2.581791e+003	   -3.636634e+003
+2.583167e+003	   -3.639713e+003
+2.584542e+003	   -3.640745e+003
+2.585918e+003	   -3.644334e+003
+2.587294e+003	   -3.645871e+003
+2.588669e+003	   -3.651175e+003
+2.590045e+003	   -3.654838e+003
+2.591421e+003	   -3.654751e+003
+2.592796e+003	   -3.659386e+003
+2.594172e+003	   -3.660360e+003
+2.595548e+003	   -3.662072e+003
+2.596923e+003	   -3.666074e+003
+2.598299e+003	   -3.666383e+003
+2.599675e+003	   -3.669685e+003
+2.601051e+003	   -3.675136e+003
+2.602426e+003	   -3.673419e+003
+2.603802e+003	   -3.676389e+003
+2.605177e+003	   -3.676541e+003
+2.606553e+003	   -3.681532e+003
+2.607929e+003	   -3.687499e+003
+2.609305e+003	   -3.694727e+003
+2.610680e+003	   -3.691031e+003
+2.612056e+003	   -3.692365e+003
+2.613432e+003	   -3.698714e+003
+2.614807e+003	   -3.705645e+003
+2.616183e+003	   -3.694850e+003
+2.617559e+003	   -3.709656e+003
+2.618935e+003	   -3.711834e+003
+2.620310e+003	   -3.719135e+003
+2.621686e+003	   -3.719775e+003
+2.623062e+003	   -3.710488e+003
+2.624437e+003	   -3.725056e+003
+2.625813e+003	   -3.707577e+003
+2.627188e+003	   -3.728676e+003
+2.628564e+003	   -3.735403e+003
+2.629940e+003	   -3.727525e+003
+2.631316e+003	   -3.727633e+003
+2.632691e+003	   -3.741256e+003
+2.634067e+003	   -3.740032e+003
+2.635443e+003	   -3.697434e+003
+2.636818e+003	   -3.751120e+003
+2.638194e+003	   -3.698309e+003
+2.639570e+003	   -3.785887e+003
+2.640946e+003	   -3.853966e+003
+2.642321e+003	   -4.005935e+003
+2.643697e+003	   -3.953479e+003
+2.645073e+003	   -3.848154e+003
+2.646448e+003	   -3.872276e+003
+2.647824e+003	   -3.963302e+003
+2.649200e+003	   -3.927921e+003
+2.650575e+003	   -3.971511e+003
+2.651951e+003	   -3.912796e+003
+2.653327e+003	   -3.961453e+003
+2.654702e+003	   -3.952666e+003
+2.656078e+003	   -3.951052e+003
+2.657454e+003	   -3.975165e+003
+2.658829e+003	   -3.962376e+003
+2.660205e+003	   -3.958338e+003
+2.661581e+003	   -3.955939e+003
+2.662957e+003	   -3.954420e+003
+2.664332e+003	   -3.970713e+003
+2.665708e+003	   -3.972655e+003
+2.667083e+003	   -3.980713e+003
+2.668459e+003	   -3.986787e+003
+2.669835e+003	   -3.993996e+003
+2.671211e+003	   -3.981570e+003
+2.672586e+003	   -3.979163e+003
+2.673962e+003	   -3.990701e+003
+2.675338e+003	   -3.991683e+003
+2.676713e+003	   -3.995250e+003
+2.678089e+003	   -3.999087e+003
+2.679465e+003	   -3.979977e+003
+2.680840e+003	   -3.986960e+003
+2.682216e+003	   -3.998418e+003
+2.683592e+003	   -4.007135e+003
+2.684968e+003	   -4.022891e+003
+2.686343e+003	   -4.020056e+003
+2.687719e+003	   -3.999860e+003
+2.689094e+003	   -4.039092e+003
+2.690470e+003	   -4.029263e+003
+2.691846e+003	   -4.003537e+003
+2.693222e+003	   -3.998646e+003
+2.694597e+003	   -4.062483e+003
+2.695973e+003	   -4.037610e+003
+2.697349e+003	   -4.033862e+003
+2.698724e+003	   -4.015913e+003
+2.700100e+003	   -4.055393e+003
+2.701476e+003	   -4.022851e+003
+2.702851e+003	   -4.032514e+003
+2.704227e+003	   -4.023696e+003
+2.705603e+003	   -4.051242e+003
+2.706979e+003	   -4.161052e+003
+2.708354e+003	   -4.102725e+003
+2.709730e+003	   -4.274768e+003
+2.711105e+003	   -4.195768e+003
+2.712481e+003	   -4.341812e+003
+2.713857e+003	   -4.199733e+003
+2.715233e+003	   -4.329676e+003
+2.716608e+003	   -4.281635e+003
+2.717984e+003	   -4.213777e+003
+2.719360e+003	   -4.247783e+003
+2.720735e+003	   -4.275706e+003
+2.722111e+003	   -4.260445e+003
+2.723487e+003	   -4.245265e+003
+2.724863e+003	   -4.259941e+003
+2.726238e+003	   -4.278037e+003
+2.727614e+003	   -4.277454e+003
+2.728990e+003	   -4.269770e+003
+2.730365e+003	   -4.257647e+003
+2.731741e+003	   -4.274404e+003
+2.733116e+003	   -4.284246e+003
+2.734492e+003	   -4.276833e+003
+2.735868e+003	   -4.299590e+003
+2.737244e+003	   -4.292754e+003
+2.738619e+003	   -4.284529e+003
+2.739995e+003	   -4.291674e+003
+2.741371e+003	   -4.289522e+003
+2.742746e+003	   -4.303835e+003
+2.744122e+003	   -4.303730e+003
+2.745498e+003	   -4.304585e+003
+2.746874e+003	   -4.302538e+003
+2.748249e+003	   -4.312939e+003
+2.749625e+003	   -4.313596e+003
+2.751000e+003	   -4.308237e+003
+2.752376e+003	   -4.313609e+003
+2.753752e+003	   -4.321116e+003
+2.755128e+003	   -4.321075e+003
+2.756503e+003	   -4.315190e+003
+2.757879e+003	   -4.334281e+003
+2.759255e+003	   -4.328434e+003
+2.760630e+003	   -4.341406e+003
+2.762006e+003	   -4.341631e+003
+2.763382e+003	   -4.346357e+003
+2.764757e+003	   -4.342533e+003
+2.766133e+003	   -4.345370e+003
+2.767509e+003	   -4.345883e+003
+2.768885e+003	   -4.354226e+003
+2.770260e+003	   -4.355011e+003
+2.771636e+003	   -4.358904e+003
+2.773011e+003	   -4.357765e+003
+2.774387e+003	   -4.359112e+003
+2.775763e+003	   -4.363132e+003
+2.777139e+003	   -4.366448e+003
+2.778514e+003	   -4.372702e+003
+2.779890e+003	   -4.373851e+003
+2.781266e+003	   -4.369727e+003
+2.782641e+003	   -4.376692e+003
+2.784017e+003	   -4.375213e+003
+2.785393e+003	   -4.393910e+003
+2.786768e+003	   -4.386440e+003
+2.788144e+003	   -4.396615e+003
+2.789520e+003	   -4.401807e+003
+2.790896e+003	   -4.393850e+003
+2.792271e+003	   -4.378707e+003
+2.793647e+003	   -4.403480e+003
+2.795022e+003	   -4.369016e+003
+2.796398e+003	   -4.397891e+003
+2.797774e+003	   -4.425344e+003
+2.799150e+003	   -4.415979e+003
+2.800525e+003	   -4.408857e+003
+2.801901e+003	   -4.424357e+003
+2.803277e+003	   -4.443423e+003
+2.804652e+003	   -4.376343e+003
+2.806028e+003	   -4.408826e+003
+2.807404e+003	   -4.287953e+003
+2.808779e+003	   -4.162375e+003
+2.810155e+003	   -4.158938e+003
+2.811531e+003	   -4.282021e+003
+2.812906e+003	   -4.217141e+003
+2.814282e+003	   -4.252116e+003
+2.815658e+003	   -4.244394e+003
+2.817033e+003	   -4.253109e+003
+2.818409e+003	   -4.216177e+003
+2.819785e+003	   -4.286724e+003
+2.821161e+003	   -4.271326e+003
+2.822536e+003	   -4.272206e+003
+2.823912e+003	   -4.261420e+003
+2.825288e+003	   -4.265504e+003
+2.826663e+003	   -4.256808e+003
+2.828039e+003	   -4.276394e+003
+2.829415e+003	   -4.265279e+003
+2.830790e+003	   -4.279172e+003
+2.832166e+003	   -4.295388e+003
+2.833542e+003	   -4.293391e+003
+2.834917e+003	   -4.301735e+003
+2.836293e+003	   -4.272493e+003
+2.837669e+003	   -4.306957e+003
+2.839044e+003	   -4.290435e+003
+2.840420e+003	   -4.308557e+003
+2.841796e+003	   -4.307710e+003
+2.843172e+003	   -4.302647e+003
+2.844547e+003	   -4.310497e+003
+2.845923e+003	   -4.309773e+003
+2.847299e+003	   -4.331038e+003
+2.848674e+003	   -4.323424e+003
+2.850050e+003	   -4.328980e+003
+2.851426e+003	   -4.322387e+003
+2.852802e+003	   -4.330710e+003
+2.854177e+003	   -4.331687e+003
+2.855553e+003	   -4.340775e+003
+2.856928e+003	   -4.342826e+003
+2.858304e+003	   -4.340454e+003
+2.859680e+003	   -4.338376e+003
+2.861055e+003	   -4.343767e+003
+2.862431e+003	   -4.356536e+003
+2.863807e+003	   -4.347112e+003
+2.865183e+003	   -4.356485e+003
+2.866558e+003	   -4.353028e+003
+2.867934e+003	   -4.363149e+003
+2.869310e+003	   -4.361342e+003
+2.870685e+003	   -4.368898e+003
+2.872061e+003	   -4.366064e+003
+2.873437e+003	   -4.373111e+003
+2.874813e+003	   -4.373126e+003
+2.876188e+003	   -4.369900e+003
+2.877564e+003	   -4.379035e+003
+2.878939e+003	   -4.375128e+003
+2.880315e+003	   -4.383202e+003
+2.881691e+003	   -4.387583e+003
+2.883067e+003	   -4.386208e+003
+2.884442e+003	   -4.390623e+003
+2.885818e+003	   -4.394549e+003
+2.887194e+003	   -4.397659e+003
+2.888569e+003	   -4.410357e+003
+2.889945e+003	   -4.403448e+003
+2.891321e+003	   -4.406112e+003
+2.892696e+003	   -4.408200e+003
+2.894072e+003	   -4.398844e+003
+2.895448e+003	   -4.408977e+003
+2.896823e+003	   -4.413593e+003
+2.898199e+003	   -4.425686e+003
+2.899575e+003	   -4.422731e+003
+2.900950e+003	   -4.398048e+003
+2.902326e+003	   -4.426644e+003
+2.903702e+003	   -4.424064e+003
+2.905078e+003	   -4.434289e+003
+2.906453e+003	   -4.437257e+003
+2.907829e+003	   -4.421197e+003
+2.909205e+003	   -4.410858e+003
+2.910580e+003	   -4.458290e+003
+2.911956e+003	   -4.476064e+003
+2.913332e+003	   -4.463016e+003
+2.914707e+003	   -4.478714e+003
+2.916083e+003	   -4.589671e+003
+2.917459e+003	   -4.570937e+003
+2.918834e+003	   -4.747004e+003
+2.920210e+003	   -4.628433e+003
+2.921586e+003	   -4.619639e+003
+2.922961e+003	   -4.631771e+003
+2.924337e+003	   -4.599056e+003
+2.925713e+003	   -4.646242e+003
+2.927089e+003	   -4.635691e+003
+2.928464e+003	   -4.642409e+003
+2.929840e+003	   -4.650337e+003
+2.931216e+003	   -4.654882e+003
+2.932591e+003	   -4.662737e+003
+2.933967e+003	   -4.662638e+003
+2.935343e+003	   -4.668082e+003
+2.936718e+003	   -4.671125e+003
+2.938094e+003	   -4.659749e+003
+2.939470e+003	   -4.681517e+003
+2.940845e+003	   -4.678333e+003
+2.942221e+003	   -4.678625e+003
+2.943597e+003	   -4.681299e+003
+2.944972e+003	   -4.686244e+003
+2.946348e+003	   -4.686057e+003
+2.947724e+003	   -4.688685e+003
+2.949100e+003	   -4.695466e+003
+2.950475e+003	   -4.703163e+003
+2.951851e+003	   -4.698771e+003
+2.953227e+003	   -4.693866e+003
+2.954602e+003	   -4.702745e+003
+2.955978e+003	   -4.699641e+003
+2.957354e+003	   -4.706695e+003
+2.958729e+003	   -4.715948e+003
+2.960105e+003	   -4.711933e+003
+2.961481e+003	   -4.721981e+003
+2.962856e+003	   -4.719686e+003
+2.964232e+003	   -4.721320e+003
+2.965608e+003	   -4.723472e+003
+2.966983e+003	   -4.725566e+003
+2.968359e+003	   -4.733962e+003
+2.969735e+003	   -4.729824e+003
+2.971111e+003	   -4.731832e+003
+2.972486e+003	   -4.732424e+003
+2.973862e+003	   -4.740770e+003
+2.975238e+003	   -4.741206e+003
+2.976613e+003	   -4.744433e+003
+2.977989e+003	   -4.747677e+003
+2.979365e+003	   -4.753911e+003
+2.980740e+003	   -4.754433e+003
+2.982116e+003	   -4.759781e+003
+2.983492e+003	   -4.761636e+003
+2.984867e+003	   -4.756367e+003
+2.986243e+003	   -4.761092e+003
+2.987619e+003	   -4.770337e+003
+2.988994e+003	   -4.769820e+003
+2.990370e+003	   -4.772564e+003
+2.991746e+003	   -4.774652e+003
+2.993122e+003	   -4.773440e+003
+2.994497e+003	   -4.786634e+003
+2.995873e+003	   -4.777783e+003
+2.997249e+003	   -4.788822e+003
+2.998624e+003	   -4.784306e+003
+3.000000e+003	   -4.792910e+003
