+1.000000e+001	   -1.320766e+002
+2.200100e+001	   -1.743953e+002
+3.400200e+001	   -2.091889e+002
+4.600300e+001	   -2.394978e+002
+5.800400e+001	   -2.673004e+002
+7.000500e+001	   -2.936170e+002
+8.200600e+001	   -3.189745e+002
+9.400700e+001	   -3.437262e+002
+1.060080e+002	   -3.680781e+002
+1.180090e+002	   -3.921024e+002
+1.300100e+002	   -4.159117e+002
+1.420110e+002	   -4.395692e+002
+1.540120e+002	   -4.630659e+002
+1.660130e+002	   -4.864629e+002
+1.780140e+002	   -5.097935e+002
+1.900150e+002	   -5.330423e+002
+2.020160e+002	   -5.562314e+002
+2.140170e+002	   -5.793794e+002
+2.260180e+002	   -6.024864e+002
+2.380190e+002	   -6.255524e+002
+2.500200e+002	   -6.486027e+002
+2.620210e+002	   -6.716274e+002
+2.740220e+002	   -6.946169e+002
+2.860230e+002	   -7.175970e+002
+2.980240e+002	   -7.405607e+002
+3.100250e+002	   -7.635019e+002
+3.220260e+002	   -7.864421e+002
+3.340270e+002	   -8.093540e+002
+3.460280e+002	   -8.322682e+002
+3.580290e+002	   -8.550184e+002
+3.700300e+002	   -8.780569e+002
+3.820310e+002	   -9.009353e+002
+3.940320e+002	   -9.238165e+002
+4.060330e+002	   -9.466813e+002
+4.180340e+002	   -9.693230e+002
+4.300350e+002	   -9.924059e+002
+4.420360e+002	   -1.015253e+003
+4.540370e+002	   -1.037869e+003
+4.660380e+002	   -1.060952e+003
+4.780390e+002	   -1.083788e+003
+4.900400e+002	   -1.106629e+003
+5.020410e+002	   -1.129462e+003
+5.140420e+002	   -1.152286e+003
+5.260430e+002	   -1.175121e+003
+5.380440e+002	   -1.197941e+003
+5.500450e+002	   -1.220758e+003
+5.620460e+002	   -1.243578e+003
+5.740470e+002	   -1.266393e+003
+5.860480e+002	   -1.289210e+003
+5.980490e+002	   -1.312020e+003
+6.100500e+002	   -1.334831e+003
+6.220510e+002	   -1.357634e+003
+6.340520e+002	   -1.380433e+003
+6.460530e+002	   -1.403247e+003
+6.580540e+002	   -1.426057e+003
+6.700551e+002	   -1.448861e+003
+6.820560e+002	   -1.471661e+003
+6.940570e+002	   -1.494459e+003
+7.060580e+002	   -1.517262e+003
+7.180590e+002	   -1.540050e+003
+7.300601e+002	   -1.562847e+003
+7.420610e+002	   -1.585647e+003
+7.540620e+002	   -1.608440e+003
+7.660630e+002	   -1.631230e+003
+7.780640e+002	   -1.654022e+003
+7.900650e+002	   -1.676824e+003
+8.020660e+002	   -1.699608e+003
+8.140670e+002	   -1.722394e+003
+8.260681e+002	   -1.745180e+003
+8.380690e+002	   -1.767975e+003
+8.500700e+002	   -1.790473e+003
+8.620710e+002	   -1.813548e+003
+8.740720e+002	   -1.836338e+003
+8.860731e+002	   -1.858854e+003
+8.980740e+002	   -1.881900e+003
+9.100750e+002	   -1.904683e+003
+9.220760e+002	   -1.927484e+003
+9.340770e+002	   -1.950262e+003
+9.460781e+002	   -1.973043e+003
+9.580790e+002	   -1.995827e+003
+9.700800e+002	   -2.018602e+003
+9.820811e+002	   -2.041391e+003
+9.940820e+002	   -2.064173e+003
+1.006083e+003	   -2.086951e+003
+1.018084e+003	   -2.109736e+003
+1.030085e+003	   -2.132257e+003
+1.042086e+003	   -2.155291e+003
+1.054087e+003	   -2.178073e+003
+1.066088e+003	   -2.200848e+003
+1.078089e+003	   -2.223623e+003
+1.090090e+003	   -2.246416e+003
+1.102091e+003	   -2.269195e+003
+1.114092e+003	   -2.291968e+003
+1.126093e+003	   -2.314737e+003
+1.138094e+003	   -2.337517e+003
+1.150095e+003	   -2.359943e+003
+1.162096e+003	   -2.383069e+003
+1.174097e+003	   -2.405842e+003
+1.186098e+003	   -2.428627e+003
+1.198099e+003	   -2.451396e+003
+1.210100e+003	   -2.474174e+003
+1.222101e+003	   -2.496949e+003
+1.234102e+003	   -2.519724e+003
+1.246103e+003	   -2.542496e+003
+1.258104e+003	   -2.565272e+003
+1.270105e+003	   -2.588051e+003
+1.282106e+003	   -2.610833e+003
+1.294107e+003	   -2.633593e+003
+1.306108e+003	   -2.656220e+003
+1.318109e+003	   -2.679141e+003
+1.330110e+003	   -2.701922e+003
+1.342111e+003	   -2.724698e+003
+1.354112e+003	   -2.747463e+003
+1.366113e+003	   -2.770252e+003
+1.378114e+003	   -2.793011e+003
+1.390115e+003	   -2.815772e+003
+1.402116e+003	   -2.839732e+003
+1.414117e+003	   -2.861305e+003
+1.426118e+003	   -2.886157e+003
+1.438119e+003	   -2.906800e+003
+1.450120e+003	   -2.929715e+003
+1.462121e+003	   -2.952256e+003
+1.474122e+003	   -2.983318e+003
+1.486123e+003	   -2.998458e+003
+1.498124e+003	   -3.020668e+003
+1.510125e+003	   -2.867130e+003
+1.522126e+003	   -2.885020e+003
+1.534127e+003	   -2.909481e+003
+1.546128e+003	   -2.926380e+003
+1.558129e+003	   -2.784882e+003
+1.570130e+003	   -2.794491e+003
+1.582131e+003	   -2.821833e+003
+1.594132e+003	   -2.847114e+003
+1.606133e+003	   -2.686672e+003
+1.618134e+003	   -2.704677e+003
+1.630135e+003	   -2.727687e+003
+1.642136e+003	   -2.754940e+003
+1.654137e+003	   -2.776505e+003
+1.666138e+003	   -2.795770e+003
+1.678139e+003	   -2.822081e+003
+1.690140e+003	   -2.846272e+003
+1.702141e+003	   -2.868324e+003
+1.714142e+003	   -2.890054e+003
+1.726143e+003	   -2.914075e+003
+1.738144e+003	   -2.949183e+003
+1.750145e+003	   -2.796167e+003
+1.762146e+003	   -2.803445e+003
+1.774147e+003	   -2.821923e+003
+1.786148e+003	   -2.840875e+003
+1.798149e+003	   -2.864660e+003
+1.810150e+003	   -2.893193e+003
+1.822151e+003	   -2.910636e+003
+1.834152e+003	   -3.080849e+003
+1.846153e+003	   -3.133614e+003
+1.858154e+003	   -3.158608e+003
+1.870155e+003	   -3.176137e+003
+1.882156e+003	   -3.200231e+003
+1.894157e+003	   -3.244361e+003
+1.906158e+003	   -3.255568e+003
+1.918159e+003	   -3.316649e+003
+1.930160e+003	   -3.142207e+003
+1.942161e+003	   -3.143498e+003
+1.954162e+003	   -3.163784e+003
+1.966163e+003	   -3.188257e+003
+1.978164e+003	   -3.211916e+003
+1.990165e+003	   -3.234421e+003
+2.002166e+003	   -3.254845e+003
+2.014167e+003	   -3.279646e+003
+2.026168e+003	   -3.302675e+003
+2.038169e+003	   -3.326296e+003
+2.050170e+003	   -3.347183e+003
+2.062171e+003	   -3.366238e+003
+2.074172e+003	   -3.384536e+003
+2.086173e+003	   -3.415135e+003
+2.098174e+003	   -3.424571e+003
+2.110175e+003	   -3.438338e+003
+2.122176e+003	   -3.487550e+003
+2.134177e+003	   -3.504936e+003
+2.146178e+003	   -3.533518e+003
+2.158179e+003	   -3.542086e+003
+2.170180e+003	   -3.581862e+003
+2.182181e+003	   -3.606306e+003
+2.194182e+003	   -3.617875e+003
+2.206183e+003	   -3.626828e+003
+2.218184e+003	   -3.657399e+003
+2.230185e+003	   -3.500513e+003
+2.242186e+003	   -3.523018e+003
+2.254187e+003	   -3.548266e+003
+2.266188e+003	   -3.574114e+003
+2.278189e+003	   -3.597479e+003
+2.290190e+003	   -3.619807e+003
+2.302191e+003	   -3.647100e+003
+2.314192e+003	   -3.674260e+003
+2.326193e+003	   -3.710276e+003
+2.338194e+003	   -3.533713e+003
+2.350195e+003	   -3.552293e+003
+2.362196e+003	   -3.579768e+003
+2.374197e+003	   -3.605850e+003
+2.386198e+003	   -3.625243e+003
+2.398199e+003	   -3.645646e+003
+2.410200e+003	   -3.670652e+003
+2.422201e+003	   -3.693765e+003
+2.434202e+003	   -3.716778e+003
+2.446203e+003	   -3.739479e+003
+2.458204e+003	   -3.760352e+003
+2.470205e+003	   -3.786481e+003
+2.482206e+003	   -3.808370e+003
+2.494207e+003	   -3.829885e+003
+2.506208e+003	   -3.856185e+003
+2.518209e+003	   -3.885546e+003
+2.530210e+003	   -3.895963e+003
+2.542211e+003	   -3.918616e+003
+2.554212e+003	   -3.936031e+003
+2.566213e+003	   -3.962955e+003
+2.578214e+003	   -3.991319e+003
+2.590215e+003	   -4.005809e+003
+2.602216e+003	   -4.033440e+003
+2.614217e+003	   -4.054590e+003
+2.626218e+003	   -4.083464e+003
+2.638219e+003	   -4.104553e+003
+2.650220e+003	   -4.135091e+003
+2.662221e+003	   -4.135760e+003
+2.674222e+003	   -3.991617e+003
+2.686223e+003	   -4.007309e+003
+2.698224e+003	   -4.040803e+003
+2.710225e+003	   -4.063226e+003
+2.722226e+003	   -4.083151e+003
+2.734227e+003	   -4.105585e+003
+2.746228e+003	   -4.127930e+003
+2.758229e+003	   -4.148972e+003
+2.770230e+003	   -4.174082e+003
+2.782231e+003	   -4.194754e+003
+2.794232e+003	   -4.215622e+003
+2.806233e+003	   -4.239784e+003
+2.818234e+003	   -4.269886e+003
+2.830235e+003	   -4.282898e+003
+2.842236e+003	   -4.443052e+003
+2.854237e+003	   -4.516296e+003
+2.866238e+003	   -4.536080e+003
+2.878239e+003	   -4.558209e+003
+2.890240e+003	   -4.582610e+003
+2.902241e+003	   -4.605980e+003
+2.914242e+003	   -4.628395e+003
+2.926243e+003	   -4.649534e+003
+2.938244e+003	   -4.672379e+003
+2.950245e+003	   -4.690425e+003
+2.962246e+003	   -4.715223e+003
+2.974247e+003	   -4.751943e+003
+2.986248e+003	   -4.608018e+003
+2.998249e+003	   -4.601007e+003
+3.010250e+003	   -4.630458e+003
+3.022251e+003	   -4.652138e+003
+3.034252e+003	   -4.673564e+003
+3.046253e+003	   -4.697221e+003
+3.058254e+003	   -4.715901e+003
+3.070255e+003	   -4.743867e+003
+3.082256e+003	   -4.766498e+003
+3.094257e+003	   -4.788100e+003
+3.106258e+003	   -4.812463e+003
+3.118259e+003	   -4.837465e+003
+3.130260e+003	   -4.855025e+003
+3.142261e+003	   -4.881027e+003
+3.154262e+003	   -4.894188e+003
+3.166263e+003	   -4.927620e+003
+3.178264e+003	   -5.014798e+003
+3.190265e+003	   -5.136139e+003
+3.202266e+003	   -5.159636e+003
+3.214267e+003	   -5.199864e+003
+3.226268e+003	   -5.223685e+003
+3.238269e+003	   -5.363885e+003
+3.250270e+003	   -5.456780e+003
+3.262271e+003	   -5.469804e+003
+3.274272e+003	   -5.492878e+003
+3.286273e+003	   -5.510957e+003
+3.298274e+003	   -5.533423e+003
+3.310275e+003	   -5.558585e+003
+3.322276e+003	   -5.579169e+003
+3.334277e+003	   -5.605667e+003
+3.346278e+003	   -5.682160e+003
+3.358279e+003	   -5.827107e+003
+3.370280e+003	   -5.854179e+003
+3.382281e+003	   -5.876151e+003
+3.394282e+003	   -5.899307e+003
+3.406283e+003	   -5.920518e+003
+3.418284e+003	   -5.943407e+003
+3.430285e+003	   -5.967962e+003
+3.442286e+003	   -6.073547e+003
+3.454287e+003	   -6.192226e+003
+3.466288e+003	   -6.214829e+003
+3.478289e+003	   -6.238025e+003
+3.490290e+003	   -6.259641e+003
+3.502291e+003	   -6.088926e+003
+3.514292e+003	   -6.124858e+003
+3.526293e+003	   -6.148249e+003
+3.538294e+003	   -6.171042e+003
+3.550295e+003	   -6.193909e+003
+3.562296e+003	   -6.216574e+003
+3.574297e+003	   -6.239409e+003
+3.586298e+003	   -6.262172e+003
+3.598299e+003	   -6.284942e+003
+3.610300e+003	   -6.307719e+003
+3.622301e+003	   -6.331200e+003
+3.634302e+003	   -6.353258e+003
+3.646303e+003	   -6.376025e+003
+3.658304e+003	   -6.398790e+003
+3.670305e+003	   -6.421545e+003
+3.682306e+003	   -6.444315e+003
+3.694307e+003	   -6.467084e+003
+3.706308e+003	   -6.489848e+003
+3.718309e+003	   -6.512605e+003
+3.730310e+003	   -6.535374e+003
+3.742311e+003	   -6.558143e+003
+3.754312e+003	   -6.580909e+003
+3.766313e+003	   -6.603681e+003
+3.778314e+003	   -6.626433e+003
+3.790315e+003	   -6.649205e+003
+3.802316e+003	   -6.671962e+003
+3.814317e+003	   -6.694734e+003
+3.826318e+003	   -6.717488e+003
+3.838319e+003	   -6.739901e+003
+3.850320e+003	   -6.763025e+003
+3.862321e+003	   -6.785447e+003
+3.874322e+003	   -6.808553e+003
+3.886323e+003	   -6.831323e+003
+3.898324e+003	   -6.854089e+003
+3.910325e+003	   -6.876530e+003
+3.922326e+003	   -6.899625e+003
+3.934327e+003	   -6.922383e+003
+3.946328e+003	   -6.945142e+003
+3.958329e+003	   -6.967601e+003
+3.970330e+003	   -6.990373e+003
+3.982331e+003	   -7.013443e+003
+3.994332e+003	   -7.036210e+003
+4.006333e+003	   -7.058682e+003
+4.018334e+003	   -7.081737e+003
+4.030335e+003	   -7.104495e+003
+4.042336e+003	   -7.127275e+003
+4.054337e+003	   -7.150033e+003
+4.066338e+003	   -7.172797e+003
+4.078339e+003	   -7.195562e+003
+4.090340e+003	   -7.218325e+003
+4.102341e+003	   -7.241083e+003
+4.114342e+003	   -7.263845e+003
+4.126343e+003	   -7.286618e+003
+4.138344e+003	   -7.309382e+003
+4.150345e+003	   -7.332159e+003
+4.162346e+003	   -7.354910e+003
+4.174347e+003	   -7.377680e+003
+4.186348e+003	   -7.400444e+003
+4.198349e+003	   -7.423208e+003
+4.210350e+003	   -7.445981e+003
+4.222351e+003	   -7.468748e+003
+4.234352e+003	   -7.491507e+003
+4.246353e+003	   -7.514269e+003
+4.258354e+003	   -7.536765e+003
+4.270355e+003	   -7.559798e+003
+4.282356e+003	   -7.582561e+003
+4.294357e+003	   -7.605326e+003
+4.306358e+003	   -7.628085e+003
+4.318359e+003	   -7.650855e+003
+4.330360e+003	   -7.673633e+003
+4.342361e+003	   -7.696387e+003
+4.354362e+003	   -7.719152e+003
+4.366363e+003	   -7.741915e+003
+4.378364e+003	   -7.764421e+003
+4.390365e+003	   -7.787446e+003
+4.402366e+003	   -7.810210e+003
+4.414367e+003	   -7.832988e+003
+4.426368e+003	   -7.855748e+003
+4.438369e+003	   -7.878501e+003
+4.450370e+003	   -7.901269e+003
+4.462371e+003	   -7.923765e+003
+4.474372e+003	   -7.946796e+003
+4.486373e+003	   -7.969564e+003
+4.498374e+003	   -7.992322e+003
+4.510375e+003	   -8.015081e+003
+4.522376e+003	   -8.037849e+003
+4.534377e+003	   -8.060347e+003
+4.546378e+003	   -8.083389e+003
+4.558379e+003	   -8.106150e+003
+4.570380e+003	   -8.128914e+003
+4.582381e+003	   -8.151678e+003
+4.594382e+003	   -8.174441e+003
+4.606383e+003	   -8.197202e+003
+4.618384e+003	   -8.219977e+003
+4.630385e+003	   -8.242743e+003
+4.642386e+003	   -8.265504e+003
+4.654387e+003	   -8.288268e+003
+4.666388e+003	   -8.311032e+003
+4.678389e+003	   -8.333788e+003
+4.690390e+003	   -8.356559e+003
+4.702391e+003	   -8.379322e+003
+4.714392e+003	   -8.402095e+003
+4.726393e+003	   -8.424859e+003
+4.738394e+003	   -8.447620e+003
+4.750395e+003	   -8.470386e+003
+4.762396e+003	   -8.493144e+003
+4.774397e+003	   -8.515915e+003
+4.786398e+003	   -8.538679e+003
+4.798399e+003	   -8.561452e+003
+4.810400e+003	   -8.584200e+003
+4.822401e+003	   -8.606976e+003
+4.834402e+003	   -8.629738e+003
+4.846403e+003	   -8.652501e+003
+4.858404e+003	   -8.675264e+003
+4.870405e+003	   -8.698042e+003
+4.882406e+003	   -8.720520e+003
+4.894407e+003	   -8.743558e+003
+4.906408e+003	   -8.766323e+003
+4.918409e+003	   -8.789091e+003
+4.930410e+003	   -8.811855e+003
+4.942411e+003	   -8.834618e+003
+4.954412e+003	   -8.857117e+003
+4.966413e+003	   -8.879873e+003
+4.978414e+003	   -8.902646e+003
+4.990415e+003	   -8.925685e+003
+5.002416e+003	   -8.948439e+003
+5.014417e+003	   -8.971207e+003
+5.026418e+003	   -8.993970e+003
+5.038419e+003	   -9.016735e+003
+5.050420e+003	   -9.039495e+003
+5.062421e+003	   -9.062254e+003
+5.074422e+003	   -9.085035e+003
+5.086423e+003	   -9.107793e+003
+5.098424e+003	   -9.130559e+003
+5.110425e+003	   -9.153324e+003
+5.122426e+003	   -9.175820e+003
+5.134427e+003	   -9.198851e+003
+5.146428e+003	   -9.221616e+003
+5.158429e+003	   -9.244372e+003
+5.170430e+003	   -9.267139e+003
+5.182431e+003	   -9.289905e+003
+5.194432e+003	   -9.312671e+003
+5.206433e+003	   -9.335171e+003
+5.218434e+003	   -9.358202e+003
+5.230435e+003	   -9.380967e+003
+5.242436e+003	   -9.403727e+003
+5.254437e+003	   -9.426494e+003
+5.266438e+003	   -9.448978e+003
+5.278439e+003	   -9.472025e+003
+5.290440e+003	   -9.494784e+003
+5.302441e+003	   -9.517551e+003
+5.314442e+003	   -9.540317e+003
+5.326443e+003	   -9.563084e+003
+5.338444e+003	   -9.585843e+003
+5.350445e+003	   -9.608607e+003
+5.362446e+003	   -9.631372e+003
+5.374447e+003	   -9.653861e+003
+5.386448e+003	   -9.676911e+003
+5.398449e+003	   -9.699670e+003
+5.410450e+003	   -9.722433e+003
+5.422451e+003	   -9.745195e+003
+5.434452e+003	   -9.767959e+003
+5.446453e+003	   -9.790720e+003
+5.458454e+003	   -9.813494e+003
+5.470455e+003	   -9.836255e+003
+5.482456e+003	   -9.859019e+003
+5.494457e+003	   -9.881784e+003
+5.506458e+003	   -9.904549e+003
+5.518459e+003	   -9.927314e+003
+5.530460e+003	   -9.950079e+003
+5.542461e+003	   -9.972839e+003
+5.554462e+003	   -9.995333e+003
+5.566463e+003	   -1.001837e+004
+5.578464e+003	   -1.004114e+004
+5.590465e+003	   -1.006390e+004
+5.602466e+003	   -1.008666e+004
+5.614467e+003	   -1.010942e+004
+5.626468e+003	   -1.013219e+004
+5.638469e+003	   -1.015496e+004
+5.650470e+003	   -1.017772e+004
+5.662471e+003	   -1.020048e+004
+5.674472e+003	   -1.022326e+004
+5.686473e+003	   -1.024601e+004
+5.698474e+003	   -1.026878e+004
+5.710475e+003	   -1.029128e+004
+5.722476e+003	   -1.031431e+004
+5.734477e+003	   -1.033707e+004
+5.746478e+003	   -1.035956e+004
+5.758479e+003	   -1.038260e+004
+5.770480e+003	   -1.040537e+004
+5.782481e+003	   -1.042813e+004
+5.794482e+003	   -1.045089e+004
+5.806483e+003	   -1.047366e+004
+5.818484e+003	   -1.049642e+004
+5.830485e+003	   -1.051920e+004
+5.842486e+003	   -1.054168e+004
+5.854487e+003	   -1.056471e+004
+5.866488e+003	   -1.058748e+004
+5.878489e+003	   -1.061025e+004
+5.890490e+003	   -1.063301e+004
+5.902491e+003	   -1.065577e+004
+5.914492e+003	   -1.067854e+004
+5.926493e+003	   -1.070131e+004
+5.938494e+003	   -1.072407e+004
+5.950495e+003	   -1.074683e+004
+5.962496e+003	   -1.076960e+004
+5.974497e+003	   -1.079236e+004
+5.986498e+003	   -1.081512e+004
+5.998499e+003	   -1.083762e+004
+6.010500e+003	   -1.086038e+004
+6.022501e+003	   -1.088342e+004
+6.034502e+003	   -1.090618e+004
+6.046503e+003	   -1.092894e+004
+6.058504e+003	   -1.095144e+004
+6.070505e+003	   -1.097447e+004
+6.082506e+003	   -1.099724e+004
+6.094507e+003	   -1.102001e+004
+6.106508e+003	   -1.104277e+004
+6.118509e+003	   -1.106526e+004
+6.130510e+003	   -1.108829e+004
+6.142511e+003	   -1.111106e+004
+6.154512e+003	   -1.113356e+004
+6.166513e+003	   -1.115659e+004
+6.178514e+003	   -1.117935e+004
+6.190515e+003	   -1.120212e+004
+6.202516e+003	   -1.122489e+004
+6.214517e+003	   -1.124738e+004
+6.226518e+003	   -1.127041e+004
+6.238519e+003	   -1.129317e+004
+6.250520e+003	   -1.131594e+004
+6.262521e+003	   -1.133870e+004
+6.274522e+003	   -1.136147e+004
+6.286523e+003	   -1.138423e+004
+6.298524e+003	   -1.140699e+004
+6.310525e+003	   -1.142975e+004
+6.322526e+003	   -1.145253e+004
+6.334527e+003	   -1.147529e+004
+6.346528e+003	   -1.149805e+004
+6.358529e+003	   -1.152082e+004
+6.370530e+003	   -1.154358e+004
+6.382531e+003	   -1.156635e+004
+6.394532e+003	   -1.158883e+004
+6.406533e+003	   -1.161187e+004
+6.418534e+003	   -1.163464e+004
+6.430535e+003	   -1.165740e+004
+6.442536e+003	   -1.168017e+004
+6.454537e+003	   -1.170293e+004
+6.466538e+003	   -1.172569e+004
+6.478539e+003	   -1.174818e+004
+6.490540e+003	   -1.177123e+004
+6.502542e+003	   -1.179399e+004
+6.514542e+003	   -1.181676e+004
+6.526543e+003	   -1.183951e+004
+6.538544e+003	   -1.186228e+004
+6.550545e+003	   -1.188504e+004
+6.562546e+003	   -1.190781e+004
+6.574547e+003	   -1.193030e+004
+6.586548e+003	   -1.195334e+004
+6.598549e+003	   -1.197609e+004
+6.610550e+003	   -1.199886e+004
+6.622551e+003	   -1.202163e+004
+6.634552e+003	   -1.204412e+004
+6.646553e+003	   -1.206689e+004
+6.658554e+003	   -1.208992e+004
+6.670555e+003	   -1.211269e+004
+6.682556e+003	   -1.213545e+004
+6.694557e+003	   -1.215822e+004
+6.706558e+003	   -1.218098e+004
+6.718559e+003	   -1.220375e+004
+6.730560e+003	   -1.222651e+004
+6.742562e+003	   -1.224927e+004
+6.754563e+003	   -1.227204e+004
+6.766563e+003	   -1.229481e+004
+6.778564e+003	   -1.231756e+004
+6.790565e+003	   -1.234006e+004
+6.802566e+003	   -1.236310e+004
+6.814567e+003	   -1.238559e+004
+6.826568e+003	   -1.240862e+004
+6.838569e+003	   -1.243138e+004
+6.850570e+003	   -1.245415e+004
+6.862571e+003	   -1.247691e+004
+6.874572e+003	   -1.249968e+004
+6.886573e+003	   -1.252244e+004
+6.898574e+003	   -1.254521e+004
+6.910575e+003	   -1.256797e+004
+6.922576e+003	   -1.259073e+004
+6.934577e+003	   -1.261350e+004
+6.946578e+003	   -1.263626e+004
+6.958579e+003	   -1.265903e+004
+6.970580e+003	   -1.268180e+004
+6.982581e+003	   -1.270429e+004
+6.994583e+003	   -1.272732e+004
+7.006583e+003	   -1.275009e+004
+7.018584e+003	   -1.277285e+004
+7.030585e+003	   -1.279561e+004
+7.042586e+003	   -1.281838e+004
+7.054587e+003	   -1.284088e+004
+7.066588e+003	   -1.286391e+004
+7.078589e+003	   -1.288667e+004
+7.090590e+003	   -1.290943e+004
+7.102591e+003	   -1.293220e+004
+7.114592e+003	   -1.295496e+004
+7.126593e+003	   -1.297773e+004
+7.138594e+003	   -1.300049e+004
+7.150595e+003	   -1.302325e+004
+7.162596e+003	   -1.304602e+004
+7.174597e+003	   -1.306878e+004
+7.186598e+003	   -1.309155e+004
+7.198599e+003	   -1.311431e+004
+7.210600e+003	   -1.313707e+004
+7.222601e+003	   -1.315984e+004
+7.234603e+003	   -1.318260e+004
+7.246604e+003	   -1.320537e+004
+7.258604e+003	   -1.322813e+004
+7.270605e+003	   -1.325090e+004
+7.282606e+003	   -1.327367e+004
+7.294607e+003	   -1.329642e+004
+7.306608e+003	   -1.331919e+004
+7.318609e+003	   -1.334196e+004
+7.330610e+003	   -1.336471e+004
+7.342611e+003	   -1.338747e+004
+7.354612e+003	   -1.341024e+004
+7.366613e+003	   -1.343274e+004
+7.378614e+003	   -1.345578e+004
+7.390615e+003	   -1.347854e+004
+7.402616e+003	   -1.350130e+004
+7.414617e+003	   -1.352407e+004
+7.426618e+003	   -1.354683e+004
+7.438619e+003	   -1.356959e+004
+7.450620e+003	   -1.359237e+004
+7.462621e+003	   -1.361485e+004
+7.474622e+003	   -1.363789e+004
+7.486624e+003	   -1.366065e+004
+7.498625e+003	   -1.368341e+004
+7.510625e+003	   -1.370618e+004
+7.522626e+003	   -1.372894e+004
+7.534627e+003	   -1.375171e+004
+7.546628e+003	   -1.377447e+004
+7.558629e+003	   -1.379724e+004
+7.570630e+003	   -1.381974e+004
+7.582631e+003	   -1.384276e+004
+7.594632e+003	   -1.386553e+004
+7.606633e+003	   -1.388829e+004
+7.618634e+003	   -1.391105e+004
+7.630635e+003	   -1.393383e+004
+7.642636e+003	   -1.395658e+004
+7.654637e+003	   -1.397934e+004
+7.666638e+003	   -1.400211e+004
+7.678639e+003	   -1.402488e+004
+7.690640e+003	   -1.404764e+004
+7.702641e+003	   -1.407040e+004
+7.714642e+003	   -1.409318e+004
+7.726644e+003	   -1.411594e+004
+7.738645e+003	   -1.413869e+004
+7.750646e+003	   -1.416146e+004
+7.762646e+003	   -1.418396e+004
+7.774647e+003	   -1.420699e+004
+7.786648e+003	   -1.422975e+004
+7.798649e+003	   -1.425252e+004
+7.810650e+003	   -1.427502e+004
+7.822651e+003	   -1.429805e+004
+7.834652e+003	   -1.432082e+004
+7.846653e+003	   -1.434357e+004
+7.858654e+003	   -1.436634e+004
+7.870655e+003	   -1.438910e+004
+7.882656e+003	   -1.441187e+004
+7.894657e+003	   -1.443462e+004
+7.906658e+003	   -1.445740e+004
+7.918659e+003	   -1.448016e+004
+7.930660e+003	   -1.450292e+004
+7.942661e+003	   -1.452541e+004
+7.954662e+003	   -1.454845e+004
+7.966664e+003	   -1.457122e+004
+7.978665e+003	   -1.459398e+004
+7.990666e+003	   -1.461647e+004
+8.002667e+003	   -1.463950e+004
+8.014667e+003	   -1.466228e+004
+8.026668e+003	   -1.468504e+004
+8.038669e+003	   -1.470780e+004
+8.050670e+003	   -1.473056e+004
+8.062671e+003	   -1.475333e+004
+8.074672e+003	   -1.477609e+004
+8.086673e+003	   -1.479885e+004
+8.098674e+003	   -1.482162e+004
+8.110675e+003	   -1.484439e+004
+8.122676e+003	   -1.486715e+004
+8.134677e+003	   -1.488992e+004
+8.146678e+003	   -1.491267e+004
+8.158679e+003	   -1.493544e+004
+8.170680e+003	   -1.495820e+004
+8.182681e+003	   -1.498070e+004
+8.194683e+003	   -1.500373e+004
+8.206684e+003	   -1.502651e+004
+8.218685e+003	   -1.504927e+004
+8.230686e+003	   -1.507203e+004
+8.242687e+003	   -1.509479e+004
+8.254688e+003	   -1.511755e+004
+8.266688e+003	   -1.514031e+004
+8.278689e+003	   -1.516307e+004
+8.290690e+003	   -1.518585e+004
+8.302691e+003	   -1.520861e+004
+8.314692e+003	   -1.523138e+004
+8.326693e+003	   -1.525414e+004
+8.338694e+003	   -1.527663e+004
+8.350695e+003	   -1.529967e+004
+8.362696e+003	   -1.532243e+004
+8.374697e+003	   -1.534519e+004
+8.386698e+003	   -1.536796e+004
+8.398699e+003	   -1.539072e+004
+8.410700e+003	   -1.541349e+004
+8.422701e+003	   -1.543625e+004
+8.434702e+003	   -1.545901e+004
+8.446703e+003	   -1.548178e+004
+8.458704e+003	   -1.550454e+004
+8.470705e+003	   -1.552731e+004
+8.482706e+003	   -1.555007e+004
+8.494707e+003	   -1.557284e+004
+8.506708e+003	   -1.559559e+004
+8.518709e+003	   -1.561837e+004
+8.530710e+003	   -1.564086e+004
+8.542711e+003	   -1.566389e+004
+8.554712e+003	   -1.568666e+004
+8.566713e+003	   -1.570942e+004
+8.578715e+003	   -1.573192e+004
+8.590716e+003	   -1.575493e+004
+8.602717e+003	   -1.577772e+004
+8.614718e+003	   -1.580047e+004
+8.626719e+003	   -1.582324e+004
+8.638720e+003	   -1.584574e+004
+8.650721e+003	   -1.586876e+004
+8.662722e+003	   -1.589154e+004
+8.674723e+003	   -1.591429e+004
+8.686724e+003	   -1.593706e+004
+8.698725e+003	   -1.595956e+004
+8.710726e+003	   -1.598259e+004
+8.722727e+003	   -1.600535e+004
+8.734728e+003	   -1.602812e+004
+8.746729e+003	   -1.605061e+004
+8.758729e+003	   -1.607365e+004
+8.770730e+003	   -1.609615e+004
+8.782731e+003	   -1.611917e+004
+8.794732e+003	   -1.614194e+004
+8.806733e+003	   -1.616470e+004
+8.818734e+003	   -1.618746e+004
+8.830735e+003	   -1.621022e+004
+8.842736e+003	   -1.623299e+004
+8.854737e+003	   -1.625576e+004
+8.866738e+003	   -1.627853e+004
+8.878739e+003	   -1.630128e+004
+8.890740e+003	   -1.632405e+004
+8.902741e+003	   -1.634681e+004
+8.914742e+003	   -1.636931e+004
+8.926743e+003	   -1.639234e+004
+8.938744e+003	   -1.641510e+004
+8.950745e+003	   -1.643787e+004
+8.962746e+003	   -1.646063e+004
+8.974747e+003	   -1.648338e+004
+8.986748e+003	   -1.650616e+004
+8.998749e+003	   -1.652892e+004
+9.010750e+003	   -1.655169e+004
+9.022751e+003	   -1.657419e+004
+9.034752e+003	   -1.659695e+004
+9.046753e+003	   -1.661998e+004
+9.058754e+003	   -1.664275e+004
+9.070756e+003	   -1.666551e+004
+9.082757e+003	   -1.668828e+004
+9.094758e+003	   -1.671077e+004
+9.106759e+003	   -1.673380e+004
+9.118760e+003	   -1.675656e+004
+9.130761e+003	   -1.677933e+004
+9.142762e+003	   -1.680210e+004
+9.154763e+003	   -1.682485e+004
+9.166764e+003	   -1.684762e+004
+9.178765e+003	   -1.687011e+004
+9.190766e+003	   -1.689315e+004
+9.202767e+003	   -1.691591e+004
+9.214768e+003	   -1.693867e+004
+9.226769e+003	   -1.696144e+004
+9.238770e+003	   -1.698421e+004
+9.250771e+003	   -1.700697e+004
+9.262771e+003	   -1.702947e+004
+9.274772e+003	   -1.705222e+004
+9.286773e+003	   -1.707526e+004
+9.298774e+003	   -1.709803e+004
+9.310775e+003	   -1.712053e+004
+9.322776e+003	   -1.714355e+004
+9.334777e+003	   -1.716631e+004
+9.346778e+003	   -1.718908e+004
+9.358779e+003	   -1.721185e+004
+9.370780e+003	   -1.723461e+004
+9.382781e+003	   -1.725737e+004
+9.394782e+003	   -1.728014e+004
+9.406783e+003	   -1.730291e+004
+9.418784e+003	   -1.732539e+004
+9.430785e+003	   -1.734843e+004
+9.442786e+003	   -1.737119e+004
+9.454787e+003	   -1.739397e+004
+9.466788e+003	   -1.741673e+004
+9.478789e+003	   -1.743921e+004
+9.490790e+003	   -1.746225e+004
+9.502791e+003	   -1.748475e+004
+9.514792e+003	   -1.750778e+004
+9.526793e+003	   -1.753028e+004
+9.538794e+003	   -1.755330e+004
+9.550795e+003	   -1.757607e+004
+9.562797e+003	   -1.759883e+004
+9.574798e+003	   -1.762160e+004
+9.586799e+003	   -1.764436e+004
+9.598800e+003	   -1.766712e+004
+9.610801e+003	   -1.768988e+004
+9.622802e+003	   -1.771266e+004
+9.634803e+003	   -1.773542e+004
+9.646804e+003	   -1.775817e+004
+9.658805e+003	   -1.778094e+004
+9.670806e+003	   -1.780371e+004
+9.682807e+003	   -1.782620e+004
+9.694808e+003	   -1.784924e+004
+9.706809e+003	   -1.787200e+004
+9.718810e+003	   -1.789477e+004
+9.730811e+003	   -1.791752e+004
+9.742812e+003	   -1.794030e+004
+9.754813e+003	   -1.796306e+004
+9.766813e+003	   -1.798582e+004
+9.778814e+003	   -1.800858e+004
+9.790815e+003	   -1.803134e+004
+9.802816e+003	   -1.805411e+004
+9.814817e+003	   -1.807688e+004
+9.826818e+003	   -1.809938e+004
+9.838819e+003	   -1.812241e+004
+9.850820e+003	   -1.814517e+004
+9.862821e+003	   -1.816766e+004
+9.874822e+003	   -1.819070e+004
+9.886823e+003	   -1.821346e+004
+9.898824e+003	   -1.823596e+004
+9.910825e+003	   -1.825899e+004
+9.922826e+003	   -1.828175e+004
+9.934827e+003	   -1.830452e+004
+9.946828e+003	   -1.832729e+004
+9.958829e+003	   -1.835005e+004
+9.970830e+003	   -1.837281e+004
+9.982831e+003	   -1.839558e+004
+9.994832e+003	   -1.841834e+004
+1.000683e+004	   -1.844110e+004
+1.001883e+004	   -1.846387e+004
+1.003083e+004	   -1.848663e+004
+1.004284e+004	   -1.850939e+004
+1.005484e+004	   -1.853216e+004
+1.006684e+004	   -1.855492e+004
+1.007884e+004	   -1.857770e+004
+1.009084e+004	   -1.860044e+004
+1.010284e+004	   -1.862321e+004
+1.011484e+004	   -1.864571e+004
+1.012684e+004	   -1.866874e+004
+1.013884e+004	   -1.869151e+004
+1.015085e+004	   -1.871427e+004
+1.016285e+004	   -1.873703e+004
+1.017485e+004	   -1.875980e+004
+1.018685e+004	   -1.878257e+004
+1.019885e+004	   -1.880533e+004
+1.021085e+004	   -1.882809e+004
+1.022285e+004	   -1.885059e+004
+1.023485e+004	   -1.887362e+004
+1.024685e+004	   -1.889638e+004
+1.025885e+004	   -1.891915e+004
+1.027086e+004	   -1.894191e+004
+1.028286e+004	   -1.896467e+004
+1.029486e+004	   -1.898745e+004
+1.030686e+004	   -1.901021e+004
+1.031886e+004	   -1.903297e+004
+1.033086e+004	   -1.905573e+004
+1.034286e+004	   -1.907849e+004
+1.035486e+004	   -1.910126e+004
+1.036686e+004	   -1.912401e+004
+1.037886e+004	   -1.914679e+004
+1.039087e+004	   -1.916955e+004
+1.040287e+004	   -1.919205e+004
+1.041487e+004	   -1.921507e+004
+1.042687e+004	   -1.923784e+004
+1.043887e+004	   -1.926061e+004
+1.045087e+004	   -1.928337e+004
+1.046287e+004	   -1.930613e+004
+1.047487e+004	   -1.932863e+004
+1.048687e+004	   -1.935165e+004
+1.049887e+004	   -1.937443e+004
+1.051088e+004	   -1.939719e+004
+1.052288e+004	   -1.941996e+004
+1.053488e+004	   -1.944272e+004
+1.054688e+004	   -1.946548e+004
+1.055888e+004	   -1.948799e+004
+1.057088e+004	   -1.951100e+004
+1.058288e+004	   -1.953377e+004
+1.059488e+004	   -1.955653e+004
+1.060688e+004	   -1.957930e+004
+1.061888e+004	   -1.960207e+004
+1.063089e+004	   -1.962483e+004
+1.064289e+004	   -1.964759e+004
+1.065489e+004	   -1.967009e+004
+1.066689e+004	   -1.969313e+004
+1.067889e+004	   -1.971588e+004
+1.069089e+004	   -1.973865e+004
+1.070289e+004	   -1.976142e+004
+1.071489e+004	   -1.978418e+004
+1.072689e+004	   -1.980667e+004
+1.073889e+004	   -1.982971e+004
+1.075090e+004	   -1.985247e+004
+1.076290e+004	   -1.987523e+004
+1.077490e+004	   -1.989774e+004
+1.078690e+004	   -1.992076e+004
+1.079890e+004	   -1.994352e+004
+1.081090e+004	   -1.996602e+004
+1.082290e+004	   -1.998905e+004
+1.083490e+004	   -2.001182e+004
+1.084690e+004	   -2.003457e+004
+1.085890e+004	   -2.005708e+004
+1.087091e+004	   -2.007985e+004
+1.088291e+004	   -2.010287e+004
+1.089491e+004	   -2.012564e+004
+1.090691e+004	   -2.014840e+004
+1.091891e+004	   -2.017116e+004
+1.093091e+004	   -2.019366e+004
+1.094291e+004	   -2.021670e+004
+1.095491e+004	   -2.023946e+004
+1.096691e+004	   -2.026223e+004
+1.097891e+004	   -2.028499e+004
+1.099092e+004	   -2.030775e+004
+1.100292e+004	   -2.033051e+004
+1.101492e+004	   -2.035328e+004
+1.102692e+004	   -2.037604e+004
+1.103892e+004	   -2.039881e+004
+1.105092e+004	   -2.042157e+004
+1.106292e+004	   -2.044434e+004
+1.107492e+004	   -2.046711e+004
+1.108692e+004	   -2.048959e+004
+1.109892e+004	   -2.051263e+004
+1.111093e+004	   -2.053539e+004
+1.112293e+004	   -2.055816e+004
+1.113493e+004	   -2.058093e+004
+1.114693e+004	   -2.060367e+004
+1.115893e+004	   -2.062645e+004
+1.117093e+004	   -2.064921e+004
+1.118293e+004	   -2.067197e+004
+1.119493e+004	   -2.069474e+004
+1.120693e+004	   -2.071750e+004
+1.121893e+004	   -2.074026e+004
+1.123094e+004	   -2.076303e+004
+1.124294e+004	   -2.078578e+004
+1.125494e+004	   -2.080856e+004
+1.126694e+004	   -2.083132e+004
+1.127894e+004	   -2.085409e+004
+1.129094e+004	   -2.087685e+004
+1.130294e+004	   -2.089961e+004
+1.131494e+004	   -2.092238e+004
+1.132694e+004	   -2.094514e+004
+1.133894e+004	   -2.096791e+004
+1.135095e+004	   -2.099067e+004
+1.136295e+004	   -2.101343e+004
+1.137495e+004	   -2.103619e+004
+1.138695e+004	   -2.105896e+004
+1.139895e+004	   -2.108172e+004
+1.141095e+004	   -2.110448e+004
+1.142295e+004	   -2.112698e+004
+1.143495e+004	   -2.115001e+004
+1.144695e+004	   -2.117250e+004
+1.145895e+004	   -2.119554e+004
+1.147096e+004	   -2.121831e+004
+1.148296e+004	   -2.124107e+004
+1.149496e+004	   -2.126384e+004
+1.150696e+004	   -2.128660e+004
+1.151896e+004	   -2.130936e+004
+1.153096e+004	   -2.133213e+004
+1.154296e+004	   -2.135490e+004
+1.155496e+004	   -2.137739e+004
+1.156696e+004	   -2.140042e+004
+1.157896e+004	   -2.142318e+004
+1.159097e+004	   -2.144595e+004
+1.160297e+004	   -2.146871e+004
+1.161497e+004	   -2.149148e+004
+1.162697e+004	   -2.151423e+004
+1.163897e+004	   -2.153700e+004
+1.165097e+004	   -2.155977e+004
+1.166297e+004	   -2.158253e+004
+1.167497e+004	   -2.160529e+004
+1.168697e+004	   -2.162806e+004
+1.169897e+004	   -2.165082e+004
+1.171098e+004	   -2.167358e+004
+1.172298e+004	   -2.169636e+004
+1.173498e+004	   -2.171911e+004
+1.174698e+004	   -2.174188e+004
+1.175898e+004	   -2.176438e+004
+1.177098e+004	   -2.178741e+004
+1.178298e+004	   -2.181017e+004
+1.179498e+004	   -2.183293e+004
+1.180698e+004	   -2.185570e+004
+1.181898e+004	   -2.187846e+004
+1.183099e+004	   -2.190123e+004
+1.184299e+004	   -2.192399e+004
+1.185499e+004	   -2.194676e+004
+1.186699e+004	   -2.196952e+004
+1.187899e+004	   -2.199202e+004
+1.189099e+004	   -2.201478e+004
+1.190299e+004	   -2.203782e+004
+1.191499e+004	   -2.206058e+004
+1.192699e+004	   -2.208334e+004
+1.193899e+004	   -2.210610e+004
+1.195100e+004	   -2.212887e+004
+1.196300e+004	   -2.215163e+004
+1.197500e+004	   -2.217440e+004
+1.198700e+004	   -2.219716e+004
+1.199900e+004	   -2.221993e+004
+1.201100e+004	   -2.224269e+004
+1.202300e+004	   -2.226545e+004
+1.203500e+004	   -2.228822e+004
+1.204700e+004	   -2.231098e+004
+1.205900e+004	   -2.233374e+004
+1.207101e+004	   -2.235651e+004
+1.208301e+004	   -2.237927e+004
+1.209501e+004	   -2.240204e+004
+1.210701e+004	   -2.242453e+004
+1.211901e+004	   -2.244756e+004
+1.213101e+004	   -2.247033e+004
+1.214301e+004	   -2.249309e+004
+1.215501e+004	   -2.251558e+004
+1.216701e+004	   -2.253862e+004
+1.217901e+004	   -2.256138e+004
+1.219102e+004	   -2.258415e+004
+1.220302e+004	   -2.260691e+004
+1.221502e+004	   -2.262967e+004
+1.222702e+004	   -2.265244e+004
+1.223902e+004	   -2.267520e+004
+1.225102e+004	   -2.269797e+004
+1.226302e+004	   -2.272074e+004
+1.227502e+004	   -2.274349e+004
+1.228702e+004	   -2.276626e+004
+1.229902e+004	   -2.278901e+004
+1.231103e+004	   -2.281178e+004
+1.232303e+004	   -2.283455e+004
+1.233503e+004	   -2.285731e+004
+1.234703e+004	   -2.288008e+004
+1.235903e+004	   -2.290284e+004
+1.237103e+004	   -2.292561e+004
+1.238303e+004	   -2.294810e+004
+1.239503e+004	   -2.297113e+004
+1.240703e+004	   -2.299389e+004
+1.241903e+004	   -2.301666e+004
+1.243104e+004	   -2.303942e+004
+1.244304e+004	   -2.306219e+004
+1.245504e+004	   -2.308496e+004
+1.246704e+004	   -2.310744e+004
+1.247904e+004	   -2.313047e+004
+1.249104e+004	   -2.315324e+004
+1.250304e+004	   -2.317600e+004
+1.251504e+004	   -2.319878e+004
+1.252704e+004	   -2.322154e+004
+1.253904e+004	   -2.324429e+004
+1.255105e+004	   -2.326706e+004
+1.256305e+004	   -2.328984e+004
+1.257505e+004	   -2.331259e+004
+1.258705e+004	   -2.333535e+004
+1.259905e+004	   -2.335812e+004
+1.261105e+004	   -2.338088e+004
+1.262305e+004	   -2.340338e+004
+1.263505e+004	   -2.342641e+004
+1.264705e+004	   -2.344917e+004
+1.265905e+004	   -2.347194e+004
+1.267106e+004	   -2.349470e+004
+1.268306e+004	   -2.351746e+004
+1.269506e+004	   -2.354023e+004
+1.270706e+004	   -2.356273e+004
+1.271906e+004	   -2.358576e+004
+1.273106e+004	   -2.360852e+004
+1.274306e+004	   -2.363101e+004
+1.275506e+004	   -2.365406e+004
+1.276706e+004	   -2.367655e+004
+1.277906e+004	   -2.369958e+004
+1.279107e+004	   -2.372207e+004
+1.280307e+004	   -2.374511e+004
+1.281507e+004	   -2.376760e+004
+1.282707e+004	   -2.379064e+004
+1.283907e+004	   -2.381313e+004
+1.285107e+004	   -2.383616e+004
+1.286307e+004	   -2.385893e+004
+1.287507e+004	   -2.388169e+004
+1.288707e+004	   -2.390445e+004
+1.289907e+004	   -2.392722e+004
+1.291108e+004	   -2.394998e+004
+1.292308e+004	   -2.397275e+004
+1.293508e+004	   -2.399551e+004
+1.294708e+004	   -2.401828e+004
+1.295908e+004	   -2.404104e+004
+1.297108e+004	   -2.406380e+004
+1.298308e+004	   -2.408630e+004
+1.299508e+004	   -2.410933e+004
+1.300708e+004	   -2.413209e+004
+1.301908e+004	   -2.415486e+004
+1.303109e+004	   -2.417735e+004
+1.304309e+004	   -2.420038e+004
+1.305509e+004	   -2.422315e+004
+1.306709e+004	   -2.424590e+004
+1.307909e+004	   -2.426867e+004
+1.309109e+004	   -2.429144e+004
+1.310309e+004	   -2.431421e+004
+1.311509e+004	   -2.433697e+004
+1.312709e+004	   -2.435973e+004
+1.313909e+004	   -2.438250e+004
+1.315110e+004	   -2.440527e+004
+1.316310e+004	   -2.442775e+004
+1.317510e+004	   -2.445079e+004
+1.318710e+004	   -2.447355e+004
+1.319910e+004	   -2.449632e+004
+1.321110e+004	   -2.451908e+004
+1.322310e+004	   -2.454184e+004
+1.323510e+004	   -2.456434e+004
+1.324710e+004	   -2.458738e+004
+1.325910e+004	   -2.460987e+004
+1.327111e+004	   -2.463290e+004
+1.328311e+004	   -2.465566e+004
+1.329511e+004	   -2.467843e+004
+1.330711e+004	   -2.470119e+004
+1.331911e+004	   -2.472396e+004
+1.333111e+004	   -2.474672e+004
+1.334311e+004	   -2.476948e+004
+1.335511e+004	   -2.479225e+004
+1.336711e+004	   -2.481474e+004
+1.337911e+004	   -2.483777e+004
+1.339112e+004	   -2.486027e+004
+1.340312e+004	   -2.488304e+004
+1.341512e+004	   -2.490607e+004
+1.342712e+004	   -2.492856e+004
+1.343912e+004	   -2.495159e+004
+1.345112e+004	   -2.497435e+004
+1.346312e+004	   -2.499712e+004
+1.347512e+004	   -2.501989e+004
+1.348712e+004	   -2.504238e+004
+1.349913e+004	   -2.506541e+004
+1.351113e+004	   -2.508817e+004
+1.352313e+004	   -2.511093e+004
+1.353513e+004	   -2.513371e+004
+1.354713e+004	   -2.515620e+004
+1.355913e+004	   -2.517923e+004
+1.357113e+004	   -2.520200e+004
+1.358313e+004	   -2.522450e+004
+1.359513e+004	   -2.524752e+004
+1.360713e+004	   -2.527028e+004
+1.361913e+004	   -2.529305e+004
+1.363114e+004	   -2.531581e+004
+1.364314e+004	   -2.533858e+004
+1.365514e+004	   -2.536135e+004
+1.366714e+004	   -2.538411e+004
+1.367914e+004	   -2.540687e+004
+1.369114e+004	   -2.542963e+004
+1.370314e+004	   -2.545213e+004
+1.371514e+004	   -2.547517e+004
+1.372714e+004	   -2.549793e+004
+1.373914e+004	   -2.552069e+004
+1.375115e+004	   -2.554346e+004
+1.376315e+004	   -2.556595e+004
+1.377515e+004	   -2.558899e+004
+1.378715e+004	   -2.561175e+004
+1.379915e+004	   -2.563451e+004
+1.381115e+004	   -2.565727e+004
+1.382315e+004	   -2.567978e+004
+1.383515e+004	   -2.570280e+004
+1.384715e+004	   -2.572530e+004
+1.385915e+004	   -2.574833e+004
+1.387116e+004	   -2.577110e+004
+1.388316e+004	   -2.579385e+004
+1.389516e+004	   -2.581662e+004
+1.390716e+004	   -2.583939e+004
+1.391916e+004	   -2.586214e+004
+1.393116e+004	   -2.588492e+004
+1.394316e+004	   -2.590768e+004
+1.395516e+004	   -2.593017e+004
+1.396716e+004	   -2.595320e+004
+1.397917e+004	   -2.597597e+004
+1.399117e+004	   -2.599847e+004
+1.400317e+004	   -2.602123e+004
+1.401517e+004	   -2.604399e+004
+1.402717e+004	   -2.606703e+004
+1.403917e+004	   -2.608979e+004
+1.405117e+004	   -2.611255e+004
+1.406317e+004	   -2.613532e+004
+1.407517e+004	   -2.615782e+004
+1.408717e+004	   -2.618083e+004
+1.409917e+004	   -2.620361e+004
+1.411118e+004	   -2.622637e+004
+1.412318e+004	   -2.624914e+004
+1.413518e+004	   -2.627190e+004
+1.414718e+004	   -2.629466e+004
+1.415918e+004	   -2.631743e+004
+1.417118e+004	   -2.634019e+004
+1.418318e+004	   -2.636296e+004
+1.419518e+004	   -2.638573e+004
+1.420718e+004	   -2.640849e+004
+1.421918e+004	   -2.643125e+004
+1.423119e+004	   -2.645401e+004
+1.424319e+004	   -2.647678e+004
+1.425519e+004	   -2.649954e+004
+1.426719e+004	   -2.652230e+004
+1.427919e+004	   -2.654508e+004
+1.429119e+004	   -2.656784e+004
+1.430319e+004	   -2.659033e+004
+1.431519e+004	   -2.661336e+004
+1.432719e+004	   -2.663612e+004
+1.433919e+004	   -2.665889e+004
+1.435120e+004	   -2.668165e+004
+1.436320e+004	   -2.670442e+004
+1.437520e+004	   -2.672718e+004
+1.438720e+004	   -2.674995e+004
+1.439920e+004	   -2.677271e+004
+1.441120e+004	   -2.679520e+004
+1.442320e+004	   -2.681796e+004
+1.443520e+004	   -2.684100e+004
+1.444720e+004	   -2.686376e+004
+1.445921e+004	   -2.688653e+004
+1.447121e+004	   -2.690929e+004
+1.448321e+004	   -2.693206e+004
+1.449521e+004	   -2.695482e+004
+1.450721e+004	   -2.697731e+004
+1.451921e+004	   -2.700035e+004
+1.453121e+004	   -2.702311e+004
+1.454321e+004	   -2.704587e+004
+1.455521e+004	   -2.706864e+004
+1.456721e+004	   -2.709140e+004
+1.457921e+004	   -2.711418e+004
+1.459122e+004	   -2.713693e+004
+1.460322e+004	   -2.715969e+004
+1.461522e+004	   -2.718246e+004
+1.462722e+004	   -2.720496e+004
+1.463922e+004	   -2.722798e+004
+1.465122e+004	   -2.725076e+004
+1.466322e+004	   -2.727351e+004
+1.467522e+004	   -2.729626e+004
+1.468722e+004	   -2.731904e+004
+1.469922e+004	   -2.734180e+004
+1.471123e+004	   -2.736430e+004
+1.472323e+004	   -2.738733e+004
+1.473523e+004	   -2.741009e+004
+1.474723e+004	   -2.743260e+004
+1.475923e+004	   -2.745562e+004
+1.477123e+004	   -2.747840e+004
+1.478323e+004	   -2.750115e+004
+1.479523e+004	   -2.752391e+004
+1.480723e+004	   -2.754668e+004
+1.481923e+004	   -2.756944e+004
+1.483124e+004	   -2.759220e+004
+1.484324e+004	   -2.761498e+004
+1.485524e+004	   -2.763772e+004
+1.486724e+004	   -2.766049e+004
+1.487924e+004	   -2.768326e+004
+1.489124e+004	   -2.770603e+004
+1.490324e+004	   -2.772879e+004
+1.491524e+004	   -2.775129e+004
+1.492724e+004	   -2.777433e+004
+1.493924e+004	   -2.779708e+004
+1.495125e+004	   -2.781984e+004
+1.496325e+004	   -2.784260e+004
+1.497525e+004	   -2.786538e+004
+1.498725e+004	   -2.788814e+004
+1.499925e+004	   -2.791090e+004
+1.501125e+004	   -2.793366e+004
+1.502325e+004	   -2.795643e+004
+1.503525e+004	   -2.797920e+004
+1.504725e+004	   -2.800197e+004
+1.505925e+004	   -2.802472e+004
+1.507126e+004	   -2.804749e+004
+1.508326e+004	   -2.807025e+004
+1.509526e+004	   -2.809274e+004
+1.510726e+004	   -2.811578e+004
+1.511926e+004	   -2.813854e+004
+1.513126e+004	   -2.816131e+004
+1.514326e+004	   -2.818379e+004
+1.515526e+004	   -2.820682e+004
+1.516726e+004	   -2.822960e+004
+1.517926e+004	   -2.825236e+004
+1.519127e+004	   -2.827513e+004
+1.520327e+004	   -2.829788e+004
+1.521527e+004	   -2.832065e+004
+1.522727e+004	   -2.834342e+004
+1.523927e+004	   -2.836618e+004
+1.525127e+004	   -2.838894e+004
+1.526327e+004	   -2.841144e+004
+1.527527e+004	   -2.843447e+004
+1.528727e+004	   -2.845724e+004
+1.529927e+004	   -2.848001e+004
+1.531128e+004	   -2.850276e+004
+1.532328e+004	   -2.852553e+004
+1.533528e+004	   -2.854829e+004
+1.534728e+004	   -2.857105e+004
+1.535928e+004	   -2.859382e+004
+1.537128e+004	   -2.861658e+004
+1.538328e+004	   -2.863935e+004
+1.539528e+004	   -2.866211e+004
+1.540728e+004	   -2.868487e+004
+1.541928e+004	   -2.870763e+004
+1.543129e+004	   -2.873040e+004
+1.544329e+004	   -2.875290e+004
+1.545529e+004	   -2.877566e+004
+1.546729e+004	   -2.879870e+004
+1.547929e+004	   -2.882146e+004
+1.549129e+004	   -2.884422e+004
+1.550329e+004	   -2.886699e+004
+1.551529e+004	   -2.888976e+004
+1.552729e+004	   -2.891252e+004
+1.553929e+004	   -2.893528e+004
+1.555130e+004	   -2.895804e+004
+1.556330e+004	   -2.898080e+004
+1.557530e+004	   -2.900357e+004
+1.558730e+004	   -2.902633e+004
+1.559930e+004	   -2.904909e+004
+1.561130e+004	   -2.907185e+004
+1.562330e+004	   -2.909463e+004
+1.563530e+004	   -2.911738e+004
+1.564730e+004	   -2.914015e+004
+1.565930e+004	   -2.916265e+004
+1.567131e+004	   -2.918568e+004
+1.568331e+004	   -2.920844e+004
+1.569531e+004	   -2.923122e+004
+1.570731e+004	   -2.925398e+004
+1.571931e+004	   -2.927673e+004
+1.573131e+004	   -2.929950e+004
+1.574331e+004	   -2.932200e+004
+1.575531e+004	   -2.934476e+004
+1.576731e+004	   -2.936753e+004
+1.577931e+004	   -2.939056e+004
+1.579132e+004	   -2.941331e+004
+1.580332e+004	   -2.943608e+004
+1.581532e+004	   -2.945885e+004
+1.582732e+004	   -2.948160e+004
+1.583932e+004	   -2.950438e+004
+1.585132e+004	   -2.952713e+004
+1.586332e+004	   -2.954990e+004
+1.587532e+004	   -2.957266e+004
+1.588732e+004	   -2.959544e+004
+1.589932e+004	   -2.961818e+004
+1.591133e+004	   -2.964095e+004
+1.592333e+004	   -2.966372e+004
+1.593533e+004	   -2.968649e+004
+1.594733e+004	   -2.970924e+004
+1.595933e+004	   -2.973201e+004
+1.597133e+004	   -2.975477e+004
+1.598333e+004	   -2.977754e+004
+1.599533e+004	   -2.980030e+004
+1.600733e+004	   -2.982308e+004
+1.601933e+004	   -2.984584e+004
+1.603134e+004	   -2.986860e+004
+1.604334e+004	   -2.989136e+004
+1.605534e+004	   -2.991413e+004
+1.606734e+004	   -2.993688e+004
+1.607934e+004	   -2.995965e+004
+1.609134e+004	   -2.998215e+004
+1.610334e+004	   -3.000517e+004
+1.611534e+004	   -3.002794e+004
+1.612734e+004	   -3.005071e+004
+1.613934e+004	   -3.007347e+004
+1.615135e+004	   -3.009624e+004
+1.616335e+004	   -3.011899e+004
+1.617535e+004	   -3.014177e+004
+1.618735e+004	   -3.016453e+004
+1.619935e+004	   -3.018729e+004
+1.621135e+004	   -3.021005e+004
+1.622335e+004	   -3.023282e+004
+1.623535e+004	   -3.025558e+004
+1.624735e+004	   -3.027835e+004
+1.625935e+004	   -3.030111e+004
+1.627136e+004	   -3.032388e+004
+1.628336e+004	   -3.034664e+004
+1.629536e+004	   -3.036940e+004
+1.630736e+004	   -3.039216e+004
+1.631936e+004	   -3.041493e+004
+1.633136e+004	   -3.043769e+004
+1.634336e+004	   -3.046046e+004
+1.635536e+004	   -3.048322e+004
+1.636736e+004	   -3.050599e+004
+1.637936e+004	   -3.052875e+004
+1.639137e+004	   -3.055151e+004
+1.640337e+004	   -3.057428e+004
+1.641537e+004	   -3.059704e+004
+1.642737e+004	   -3.061980e+004
+1.643937e+004	   -3.064256e+004
+1.645137e+004	   -3.066533e+004
+1.646337e+004	   -3.068809e+004
+1.647537e+004	   -3.071086e+004
+1.648737e+004	   -3.073362e+004
+1.649938e+004	   -3.075639e+004
+1.651138e+004	   -3.077915e+004
+1.652338e+004	   -3.080192e+004
+1.653538e+004	   -3.082468e+004
+1.654738e+004	   -3.084744e+004
+1.655938e+004	   -3.087021e+004
+1.657138e+004	   -3.089297e+004
+1.658338e+004	   -3.091573e+004
+1.659538e+004	   -3.093823e+004
+1.660738e+004	   -3.096126e+004
+1.661938e+004	   -3.098403e+004
+1.663138e+004	   -3.100679e+004
+1.664339e+004	   -3.102955e+004
+1.665539e+004	   -3.105232e+004
+1.666739e+004	   -3.107508e+004
+1.667939e+004	   -3.109785e+004
+1.669139e+004	   -3.112061e+004
+1.670339e+004	   -3.114337e+004
+1.671539e+004	   -3.116614e+004
+1.672739e+004	   -3.118890e+004
+1.673939e+004	   -3.121166e+004
+1.675140e+004	   -3.123443e+004
+1.676340e+004	   -3.125720e+004
+1.677540e+004	   -3.127996e+004
+1.678740e+004	   -3.130272e+004
+1.679940e+004	   -3.132548e+004
+1.681140e+004	   -3.134825e+004
+1.682340e+004	   -3.137101e+004
+1.683540e+004	   -3.139378e+004
+1.684740e+004	   -3.141653e+004
+1.685940e+004	   -3.143930e+004
+1.687141e+004	   -3.146207e+004
+1.688341e+004	   -3.148483e+004
+1.689541e+004	   -3.150760e+004
+1.690741e+004	   -3.153036e+004
+1.691941e+004	   -3.155312e+004
+1.693141e+004	   -3.157562e+004
+1.694341e+004	   -3.159838e+004
+1.695541e+004	   -3.162141e+004
+1.696741e+004	   -3.164417e+004
+1.697941e+004	   -3.166668e+004
+1.699142e+004	   -3.168944e+004
+1.700342e+004	   -3.171247e+004
+1.701542e+004	   -3.173524e+004
+1.702742e+004	   -3.175800e+004
+1.703942e+004	   -3.178075e+004
+1.705142e+004	   -3.180352e+004
+1.706342e+004	   -3.182629e+004
+1.707542e+004	   -3.184905e+004
+1.708742e+004	   -3.187182e+004
+1.709942e+004	   -3.189432e+004
+1.711143e+004	   -3.191735e+004
+1.712343e+004	   -3.194011e+004
+1.713543e+004	   -3.196288e+004
+1.714743e+004	   -3.198564e+004
+1.715943e+004	   -3.200839e+004
+1.717143e+004	   -3.203117e+004
+1.718343e+004	   -3.205393e+004
+1.719543e+004	   -3.207642e+004
+1.720743e+004	   -3.209919e+004
+1.721944e+004	   -3.212222e+004
+1.723144e+004	   -3.214498e+004
+1.724344e+004	   -3.216775e+004
+1.725544e+004	   -3.219051e+004
+1.726744e+004	   -3.221300e+004
+1.727944e+004	   -3.223604e+004
+1.729144e+004	   -3.225879e+004
+1.730344e+004	   -3.228157e+004
+1.731544e+004	   -3.230433e+004
+1.732744e+004	   -3.232683e+004
+1.733945e+004	   -3.234986e+004
+1.735145e+004	   -3.237263e+004
+1.736345e+004	   -3.239539e+004
+1.737545e+004	   -3.241816e+004
+1.738745e+004	   -3.244091e+004
+1.739945e+004	   -3.246368e+004
+1.741145e+004	   -3.248645e+004
+1.742345e+004	   -3.250894e+004
+1.743545e+004	   -3.253171e+004
+1.744745e+004	   -3.255473e+004
+1.745946e+004	   -3.257750e+004
+1.747146e+004	   -3.260026e+004
+1.748346e+004	   -3.262302e+004
+1.749546e+004	   -3.264578e+004
+1.750746e+004	   -3.266854e+004
+1.751946e+004	   -3.269105e+004
+1.753146e+004	   -3.271408e+004
+1.754346e+004	   -3.273685e+004
+1.755546e+004	   -3.275961e+004
+1.756746e+004	   -3.278238e+004
+1.757946e+004	   -3.280514e+004
+1.759146e+004	   -3.282790e+004
+1.760347e+004	   -3.285066e+004
+1.761547e+004	   -3.287342e+004
+1.762747e+004	   -3.289619e+004
+1.763947e+004	   -3.291896e+004
+1.765147e+004	   -3.294172e+004
+1.766347e+004	   -3.296448e+004
+1.767547e+004	   -3.298725e+004
+1.768747e+004	   -3.301002e+004
+1.769947e+004	   -3.303251e+004
+1.771148e+004	   -3.305554e+004
+1.772348e+004	   -3.307830e+004
+1.773548e+004	   -3.310107e+004
+1.774748e+004	   -3.312383e+004
+1.775948e+004	   -3.314659e+004
+1.777148e+004	   -3.316935e+004
+1.778348e+004	   -3.319212e+004
+1.779548e+004	   -3.321489e+004
+1.780748e+004	   -3.323765e+004
+1.781948e+004	   -3.326042e+004
+1.783149e+004	   -3.328318e+004
+1.784349e+004	   -3.330594e+004
+1.785549e+004	   -3.332871e+004
+1.786749e+004	   -3.335147e+004
+1.787949e+004	   -3.337424e+004
+1.789149e+004	   -3.339699e+004
+1.790349e+004	   -3.341949e+004
+1.791549e+004	   -3.344252e+004
+1.792749e+004	   -3.346529e+004
+1.793949e+004	   -3.348805e+004
+1.795150e+004	   -3.351081e+004
+1.796350e+004	   -3.353359e+004
+1.797550e+004	   -3.355634e+004
+1.798750e+004	   -3.357910e+004
+1.799950e+004	   -3.360187e+004
+1.801150e+004	   -3.362463e+004
+1.802350e+004	   -3.364740e+004
+1.803550e+004	   -3.366989e+004
+1.804750e+004	   -3.369293e+004
+1.805950e+004	   -3.371543e+004
+1.807151e+004	   -3.373845e+004
+1.808351e+004	   -3.376123e+004
+1.809551e+004	   -3.378399e+004
+1.810751e+004	   -3.380675e+004
+1.811951e+004	   -3.382951e+004
+1.813151e+004	   -3.385227e+004
+1.814351e+004	   -3.387504e+004
+1.815551e+004	   -3.389780e+004
+1.816751e+004	   -3.392057e+004
+1.817952e+004	   -3.394306e+004
+1.819152e+004	   -3.396610e+004
+1.820352e+004	   -3.398886e+004
+1.821552e+004	   -3.401163e+004
+1.822752e+004	   -3.403439e+004
+1.823952e+004	   -3.405715e+004
+1.825152e+004	   -3.407991e+004
+1.826352e+004	   -3.410241e+004
+1.827552e+004	   -3.412544e+004
+1.828752e+004	   -3.414821e+004
+1.829953e+004	   -3.417070e+004
+1.831153e+004	   -3.419373e+004
+1.832353e+004	   -3.421650e+004
+1.833553e+004	   -3.423926e+004
+1.834753e+004	   -3.426201e+004
+1.835953e+004	   -3.428479e+004
+1.837153e+004	   -3.430754e+004
+1.838353e+004	   -3.433032e+004
+1.839553e+004	   -3.435308e+004
+1.840753e+004	   -3.437584e+004
+1.841954e+004	   -3.439861e+004
+1.843154e+004	   -3.442137e+004
+1.844354e+004	   -3.444413e+004
+1.845554e+004	   -3.446690e+004
+1.846754e+004	   -3.448966e+004
+1.847954e+004	   -3.451242e+004
+1.849154e+004	   -3.453519e+004
+1.850354e+004	   -3.455796e+004
+1.851554e+004	   -3.458045e+004
+1.852754e+004	   -3.460348e+004
+1.853954e+004	   -3.462598e+004
+1.855154e+004	   -3.464901e+004
+1.856355e+004	   -3.467177e+004
+1.857555e+004	   -3.469453e+004
+1.858755e+004	   -3.471730e+004
+1.859955e+004	   -3.474007e+004
+1.861155e+004	   -3.476256e+004
+1.862355e+004	   -3.478559e+004
+1.863555e+004	   -3.480837e+004
+1.864755e+004	   -3.483113e+004
+1.865955e+004	   -3.485389e+004
+1.867156e+004	   -3.487665e+004
+1.868356e+004	   -3.489941e+004
+1.869556e+004	   -3.492218e+004
+1.870756e+004	   -3.494495e+004
+1.871956e+004	   -3.496770e+004
+1.873156e+004	   -3.499046e+004
+1.874356e+004	   -3.501324e+004
+1.875556e+004	   -3.503600e+004
+1.876756e+004	   -3.505877e+004
+1.877956e+004	   -3.508152e+004
+1.879157e+004	   -3.510402e+004
+1.880357e+004	   -3.512705e+004
+1.881557e+004	   -3.514982e+004
+1.882757e+004	   -3.517259e+004
+1.883957e+004	   -3.519534e+004
+1.885157e+004	   -3.521811e+004
+1.886357e+004	   -3.524087e+004
+1.887557e+004	   -3.526336e+004
+1.888757e+004	   -3.528640e+004
+1.889957e+004	   -3.530916e+004
+1.891158e+004	   -3.533193e+004
+1.892358e+004	   -3.535470e+004
+1.893558e+004	   -3.537718e+004
+1.894758e+004	   -3.540021e+004
+1.895958e+004	   -3.542298e+004
+1.897158e+004	   -3.544574e+004
+1.898358e+004	   -3.546851e+004
+1.899558e+004	   -3.549100e+004
+1.900758e+004	   -3.551404e+004
+1.901958e+004	   -3.553680e+004
+1.903159e+004	   -3.555955e+004
+1.904359e+004	   -3.558205e+004
+1.905559e+004	   -3.560509e+004
+1.906759e+004	   -3.562786e+004
+1.907959e+004	   -3.565062e+004
+1.909159e+004	   -3.567338e+004
+1.910359e+004	   -3.569615e+004
+1.911559e+004	   -3.571891e+004
+1.912759e+004	   -3.574167e+004
+1.913960e+004	   -3.576444e+004
+1.915160e+004	   -3.578721e+004
+1.916360e+004	   -3.580996e+004
+1.917560e+004	   -3.583273e+004
+1.918760e+004	   -3.585549e+004
+1.919960e+004	   -3.587825e+004
+1.921160e+004	   -3.590102e+004
+1.922360e+004	   -3.592380e+004
+1.923560e+004	   -3.594629e+004
+1.924760e+004	   -3.596931e+004
+1.925961e+004	   -3.599181e+004
+1.927161e+004	   -3.601484e+004
+1.928361e+004	   -3.603734e+004
+1.929561e+004	   -3.606037e+004
+1.930761e+004	   -3.608313e+004
+1.931961e+004	   -3.610590e+004
+1.933161e+004	   -3.612866e+004
+1.934361e+004	   -3.615142e+004
+1.935561e+004	   -3.617419e+004
+1.936761e+004	   -3.619695e+004
+1.937962e+004	   -3.621972e+004
+1.939162e+004	   -3.624248e+004
+1.940362e+004	   -3.626525e+004
+1.941562e+004	   -3.628774e+004
+1.942762e+004	   -3.631077e+004
+1.943962e+004	   -3.633353e+004
+1.945162e+004	   -3.635603e+004
+1.946362e+004	   -3.637906e+004
+1.947562e+004	   -3.640182e+004
+1.948762e+004	   -3.642459e+004
+1.949963e+004	   -3.644736e+004
+1.951163e+004	   -3.647011e+004
+1.952363e+004	   -3.649289e+004
+1.953563e+004	   -3.651565e+004
+1.954763e+004	   -3.653814e+004
+1.955963e+004	   -3.656118e+004
+1.957163e+004	   -3.658367e+004
+1.958363e+004	   -3.660670e+004
+1.959563e+004	   -3.662946e+004
+1.960763e+004	   -3.665224e+004
+1.961963e+004	   -3.667500e+004
+1.963164e+004	   -3.669776e+004
+1.964364e+004	   -3.672052e+004
+1.965564e+004	   -3.674329e+004
+1.966764e+004	   -3.676606e+004
+1.967964e+004	   -3.678882e+004
+1.969164e+004	   -3.681157e+004
+1.970364e+004	   -3.683435e+004
+1.971564e+004	   -3.685710e+004
+1.972764e+004	   -3.687987e+004
+1.973964e+004	   -3.690263e+004
+1.975165e+004	   -3.692540e+004
+1.976365e+004	   -3.694817e+004
+1.977565e+004	   -3.697092e+004
+1.978765e+004	   -3.699368e+004
+1.979965e+004	   -3.701645e+004
+1.981165e+004	   -3.703922e+004
+1.982365e+004	   -3.706198e+004
+1.983565e+004	   -3.708447e+004
+1.984765e+004	   -3.710750e+004
+1.985965e+004	   -3.713027e+004
+1.987166e+004	   -3.715302e+004
+1.988366e+004	   -3.717554e+004
+1.989566e+004	   -3.719856e+004
+1.990766e+004	   -3.722132e+004
+1.991966e+004	   -3.724382e+004
+1.993166e+004	   -3.726658e+004
+1.994366e+004	   -3.728962e+004
+1.995566e+004	   -3.731239e+004
+1.996766e+004	   -3.733515e+004
+1.997966e+004	   -3.735763e+004
+1.999167e+004	   -3.738068e+004
+2.000367e+004	   -3.740344e+004
+2.001567e+004	   -3.742620e+004
+2.002767e+004	   -3.744896e+004
+2.003967e+004	   -3.747173e+004
+2.005167e+004	   -3.749422e+004
+2.006367e+004	   -3.751725e+004
+2.007567e+004	   -3.754002e+004
+2.008767e+004	   -3.756278e+004
+2.009968e+004	   -3.758555e+004
+2.011168e+004	   -3.760831e+004
+2.012368e+004	   -3.763107e+004
+2.013568e+004	   -3.765357e+004
+2.014768e+004	   -3.767659e+004
+2.015968e+004	   -3.769937e+004
+2.017168e+004	   -3.772214e+004
+2.018368e+004	   -3.774489e+004
+2.019568e+004	   -3.776766e+004
+2.020768e+004	   -3.779042e+004
+2.021969e+004	   -3.781318e+004
+2.023169e+004	   -3.783595e+004
+2.024369e+004	   -3.785871e+004
+2.025569e+004	   -3.788122e+004
+2.026769e+004	   -3.790424e+004
+2.027969e+004	   -3.792674e+004
+2.029169e+004	   -3.794977e+004
+2.030369e+004	   -3.797254e+004
+2.031569e+004	   -3.799530e+004
+2.032769e+004	   -3.801806e+004
+2.033970e+004	   -3.804082e+004
+2.035170e+004	   -3.806359e+004
+2.036370e+004	   -3.808634e+004
+2.037570e+004	   -3.810912e+004
+2.038770e+004	   -3.813189e+004
+2.039970e+004	   -3.815464e+004
+2.041170e+004	   -3.817741e+004
+2.042370e+004	   -3.820018e+004
+2.043570e+004	   -3.822266e+004
+2.044770e+004	   -3.824571e+004
+2.045971e+004	   -3.826846e+004
+2.047171e+004	   -3.829122e+004
+2.048371e+004	   -3.831372e+004
+2.049571e+004	   -3.833676e+004
+2.050771e+004	   -3.835952e+004
+2.051971e+004	   -3.838229e+004
+2.053171e+004	   -3.840505e+004
+2.054371e+004	   -3.842781e+004
+2.055571e+004	   -3.845057e+004
+2.056771e+004	   -3.847334e+004
+2.057971e+004	   -3.849610e+004
+2.059172e+004	   -3.851887e+004
+2.060372e+004	   -3.854163e+004
+2.061572e+004	   -3.856439e+004
+2.062772e+004	   -3.858716e+004
+2.063972e+004	   -3.860964e+004
+2.065172e+004	   -3.863268e+004
+2.066372e+004	   -3.865546e+004
+2.067572e+004	   -3.867821e+004
+2.068772e+004	   -3.870098e+004
+2.069972e+004	   -3.872374e+004
+2.071173e+004	   -3.874650e+004
+2.072373e+004	   -3.876925e+004
+2.073573e+004	   -3.879203e+004
+2.074773e+004	   -3.881480e+004
+2.075973e+004	   -3.883756e+004
+2.077173e+004	   -3.886032e+004
+2.078373e+004	   -3.888309e+004
+2.079573e+004	   -3.890585e+004
+2.080773e+004	   -3.892861e+004
+2.081973e+004	   -3.895137e+004
+2.083174e+004	   -3.897414e+004
+2.084374e+004	   -3.899664e+004
+2.085574e+004	   -3.901966e+004
+2.086774e+004	   -3.904243e+004
+2.087974e+004	   -3.906519e+004
+2.089174e+004	   -3.908796e+004
+2.090374e+004	   -3.911046e+004
+2.091574e+004	   -3.913350e+004
+2.092774e+004	   -3.915625e+004
+2.093974e+004	   -3.917901e+004
+2.095175e+004	   -3.920178e+004
+2.096375e+004	   -3.922454e+004
+2.097575e+004	   -3.924730e+004
+2.098775e+004	   -3.927007e+004
+2.099975e+004	   -3.929257e+004
+2.101175e+004	   -3.931561e+004
+2.102375e+004	   -3.933808e+004
+2.103575e+004	   -3.936113e+004
+2.104775e+004	   -3.938390e+004
+2.105975e+004	   -3.940665e+004
+2.107176e+004	   -3.942942e+004
+2.108376e+004	   -3.945218e+004
+2.109576e+004	   -3.947494e+004
+2.110776e+004	   -3.949770e+004
+2.111976e+004	   -3.952048e+004
+2.113176e+004	   -3.954324e+004
+2.114376e+004	   -3.956600e+004
+2.115576e+004	   -3.958876e+004
+2.116776e+004	   -3.961153e+004
+2.117977e+004	   -3.963430e+004
+2.119177e+004	   -3.965706e+004
+2.120377e+004	   -3.967981e+004
+2.121577e+004	   -3.970258e+004
+2.122777e+004	   -3.972535e+004
+2.123977e+004	   -3.974812e+004
+2.125177e+004	   -3.977088e+004
+2.126377e+004	   -3.979364e+004
+2.127577e+004	   -3.981640e+004
+2.128777e+004	   -3.983916e+004
+2.129978e+004	   -3.986193e+004
+2.131178e+004	   -3.988470e+004
+2.132378e+004	   -3.990746e+004
+2.133578e+004	   -3.993023e+004
+2.134778e+004	   -3.995299e+004
+2.135978e+004	   -3.997575e+004
+2.137178e+004	   -3.999852e+004
+2.138378e+004	   -4.002127e+004
+2.139578e+004	   -4.004404e+004
+2.140778e+004	   -4.006681e+004
+2.141979e+004	   -4.008957e+004
+2.143179e+004	   -4.011233e+004
+2.144379e+004	   -4.013510e+004
+2.145579e+004	   -4.015786e+004
+2.146779e+004	   -4.018036e+004
+2.147979e+004	   -4.020340e+004
+2.149179e+004	   -4.022616e+004
+2.150379e+004	   -4.024864e+004
+2.151579e+004	   -4.027168e+004
+2.152779e+004	   -4.029445e+004
+2.153979e+004	   -4.031721e+004
+2.155179e+004	   -4.033997e+004
+2.156380e+004	   -4.036273e+004
+2.157580e+004	   -4.038550e+004
+2.158780e+004	   -4.040826e+004
+2.159980e+004	   -4.043102e+004
+2.161180e+004	   -4.045379e+004
+2.162380e+004	   -4.047629e+004
+2.163580e+004	   -4.049932e+004
+2.164780e+004	   -4.052209e+004
+2.165980e+004	   -4.054484e+004
+2.167181e+004	   -4.056760e+004
+2.168381e+004	   -4.059036e+004
+2.169581e+004	   -4.061314e+004
+2.170781e+004	   -4.063590e+004
+2.171981e+004	   -4.065866e+004
+2.173181e+004	   -4.068143e+004
+2.174381e+004	   -4.070420e+004
+2.175581e+004	   -4.072669e+004
+2.176781e+004	   -4.074973e+004
+2.177981e+004	   -4.077249e+004
+2.179182e+004	   -4.079525e+004
+2.180382e+004	   -4.081802e+004
+2.181582e+004	   -4.084077e+004
+2.182782e+004	   -4.086327e+004
+2.183982e+004	   -4.088630e+004
+2.185182e+004	   -4.090907e+004
+2.186382e+004	   -4.093184e+004
+2.187582e+004	   -4.095460e+004
+2.188782e+004	   -4.097736e+004
+2.189982e+004	   -4.100013e+004
+2.191183e+004	   -4.102289e+004
+2.192383e+004	   -4.104565e+004
+2.193583e+004	   -4.106841e+004
+2.194783e+004	   -4.109118e+004
+2.195983e+004	   -4.111395e+004
+2.197183e+004	   -4.113670e+004
+2.198383e+004	   -4.115947e+004
+2.199583e+004	   -4.118223e+004
+2.200783e+004	   -4.120499e+004
+2.201983e+004	   -4.122776e+004
+2.203184e+004	   -4.125052e+004
+2.204384e+004	   -4.127302e+004
+2.205584e+004	   -4.129605e+004
+2.206784e+004	   -4.131882e+004
+2.207984e+004	   -4.134158e+004
+2.209184e+004	   -4.136434e+004
+2.210384e+004	   -4.138711e+004
+2.211584e+004	   -4.140987e+004
+2.212784e+004	   -4.143263e+004
+2.213985e+004	   -4.145539e+004
+2.215185e+004	   -4.147816e+004
+2.216385e+004	   -4.150092e+004
+2.217585e+004	   -4.152369e+004
+2.218785e+004	   -4.154646e+004
+2.219985e+004	   -4.156922e+004
+2.221185e+004	   -4.159198e+004
+2.222385e+004	   -4.161447e+004
+2.223585e+004	   -4.163750e+004
+2.224785e+004	   -4.166002e+004
+2.225986e+004	   -4.168276e+004
+2.227186e+004	   -4.170580e+004
+2.228386e+004	   -4.172857e+004
+2.229586e+004	   -4.175107e+004
+2.230786e+004	   -4.177409e+004
+2.231986e+004	   -4.179658e+004
+2.233186e+004	   -4.181962e+004
+2.234386e+004	   -4.184239e+004
+2.235586e+004	   -4.186516e+004
+2.236786e+004	   -4.188791e+004
+2.237987e+004	   -4.191067e+004
+2.239187e+004	   -4.193344e+004
+2.240387e+004	   -4.195593e+004
+2.241587e+004	   -4.197898e+004
+2.242787e+004	   -4.200175e+004
+2.243987e+004	   -4.202448e+004
+2.245187e+004	   -4.204725e+004
+2.246387e+004	   -4.206975e+004
+2.247587e+004	   -4.209277e+004
+2.248787e+004	   -4.211553e+004
+2.249988e+004	   -4.213831e+004
+2.251188e+004	   -4.216082e+004
+2.252388e+004	   -4.218383e+004
+2.253588e+004	   -4.220660e+004
+2.254788e+004	   -4.222934e+004
+2.255988e+004	   -4.225214e+004
+2.257188e+004	   -4.227463e+004
+2.258388e+004	   -4.229766e+004
+2.259588e+004	   -4.232015e+004
+2.260788e+004	   -4.234317e+004
+2.261988e+004	   -4.236565e+004
+2.263189e+004	   -4.238873e+004
+2.264389e+004	   -4.241148e+004
+2.265589e+004	   -4.243424e+004
+2.266789e+004	   -4.245703e+004
+2.267989e+004	   -4.247980e+004
+2.269189e+004	   -4.250253e+004
+2.270389e+004	   -4.252529e+004
+2.271589e+004	   -4.254808e+004
+2.272789e+004	   -4.257081e+004
+2.273989e+004	   -4.259361e+004
+2.275190e+004	   -4.261634e+004
+2.276390e+004	   -4.263908e+004
+2.277590e+004	   -4.266158e+004
+2.278790e+004	   -4.268464e+004
+2.279990e+004	   -4.270747e+004
+2.281190e+004	   -4.273015e+004
+2.282390e+004	   -4.275293e+004
+2.283590e+004	   -4.277564e+004
+2.284790e+004	   -4.279819e+004
+2.285990e+004	   -4.282091e+004
+2.287191e+004	   -4.284366e+004
+2.288391e+004	   -4.286675e+004
+2.289591e+004	   -4.288954e+004
+2.290791e+004	   -4.291198e+004
+2.291991e+004	   -4.293506e+004
+2.293191e+004	   -4.295773e+004
+2.294391e+004	   -4.298058e+004
+2.295591e+004	   -4.300336e+004
+2.296791e+004	   -4.302613e+004
+2.297991e+004	   -4.304860e+004
+2.299192e+004	   -4.307153e+004
+2.300392e+004	   -4.309437e+004
+2.301592e+004	   -4.311694e+004
+2.302792e+004	   -4.313964e+004
+2.303992e+004	   -4.316268e+004
+2.305192e+004	   -4.318524e+004
+2.306392e+004	   -4.320827e+004
+2.307592e+004	   -4.323099e+004
+2.308792e+004	   -4.325363e+004
+2.309993e+004	   -4.327654e+004
+2.311193e+004	   -4.329922e+004
+2.312393e+004	   -4.332215e+004
+2.313593e+004	   -4.334477e+004
+2.314793e+004	   -4.336749e+004
+2.315993e+004	   -4.339025e+004
+2.317193e+004	   -4.341305e+004
+2.318393e+004	   -4.343600e+004
+2.319593e+004	   -4.345858e+004
+2.320793e+004	   -4.348106e+004
+2.321994e+004	   -4.350374e+004
+2.323194e+004	   -4.352690e+004
+2.324394e+004	   -4.354950e+004
+2.325594e+004	   -4.357198e+004
+2.326794e+004	   -4.359518e+004
+2.327994e+004	   -4.361799e+004
+2.329194e+004	   -4.364061e+004
+2.330394e+004	   -4.366362e+004
+2.331594e+004	   -4.368616e+004
+2.332794e+004	   -4.370876e+004
+2.333995e+004	   -4.373192e+004
+2.335195e+004	   -4.375466e+004
+2.336395e+004	   -4.377736e+004
+2.337595e+004	   -4.379979e+004
+2.338795e+004	   -4.382289e+004
+2.339995e+004	   -4.384550e+004
+2.341195e+004	   -4.386866e+004
+2.342395e+004	   -4.389111e+004
+2.343595e+004	   -4.391378e+004
+2.344795e+004	   -4.393654e+004
+2.345996e+004	   -4.395928e+004
+2.347196e+004	   -4.398262e+004
+2.348396e+004	   -4.400488e+004
+2.349596e+004	   -4.402775e+004
+2.350796e+004	   -4.404997e+004
+2.351996e+004	   -4.407327e+004
+2.353196e+004	   -4.409607e+004
+2.354396e+004	   -4.411880e+004
+2.355596e+004	   -4.414168e+004
+2.356796e+004	   -4.416363e+004
+2.357996e+004	   -4.418704e+004
+2.359197e+004	   -4.420982e+004
+2.360397e+004	   -4.423329e+004
+2.361597e+004	   -4.425534e+004
+2.362797e+004	   -4.427821e+004
+2.363997e+004	   -4.430095e+004
+2.365197e+004	   -4.432330e+004
+2.366397e+004	   -4.434690e+004
+2.367597e+004	   -4.436943e+004
+2.368797e+004	   -4.439141e+004
+2.369997e+004	   -4.441394e+004
+2.371198e+004	   -4.443747e+004
+2.372398e+004	   -4.445929e+004
+2.373598e+004	   -4.448165e+004
+2.374798e+004	   -4.450574e+004
+2.375998e+004	   -4.452846e+004
+2.377198e+004	   -4.455055e+004
+2.378398e+004	   -4.457536e+004
+2.379598e+004	   -4.459680e+004
+2.380798e+004	   -4.461956e+004
+2.381998e+004	   -4.464449e+004
+2.383199e+004	   -4.466700e+004
+2.384399e+004	   -4.468796e+004
+2.385599e+004	   -4.471029e+004
+2.386799e+004	   -4.473471e+004
+2.387999e+004	   -4.475397e+004
+2.389199e+004	   -4.478195e+004
+2.390399e+004	   -4.480163e+004
+2.391599e+004	   -4.482020e+004
+2.392799e+004	   -4.484336e+004
+2.393999e+004	   -4.486770e+004
+2.395200e+004	   -4.490215e+004
+2.396400e+004	   -4.491120e+004
+2.397600e+004	   -4.494707e+004
+2.398800e+004	   -4.493960e+004
+2.400000e+004	   -4.504847e+004
