+5.000000e+002	   -4.556154e+001
+5.020010e+002	   -4.937070e+001
+5.040020e+002	   -5.317764e+001
+5.060030e+002	   -5.698755e+001
+5.080040e+002	   -6.079668e+001
+5.100050e+002	   -6.460532e+001
+5.120060e+002	   -6.840874e+001
+5.140070e+002	   -7.221728e+001
+5.160080e+002	   -7.601248e+001
+5.180090e+002	   -7.982512e+001
+5.200100e+002	   -8.363915e+001
+5.220110e+002	   -8.743992e+001
+5.240120e+002	   -9.124976e+001
+5.260130e+002	   -9.504422e+001
+5.280140e+002	   -9.884356e+001
+5.300150e+002	   -1.026624e+002
+5.320160e+002	   -1.064702e+002
+5.340170e+002	   -1.102787e+002
+5.360180e+002	   -1.140662e+002
+5.380190e+002	   -1.178724e+002
+5.400200e+002	   -1.216924e+002
+5.420210e+002	   -1.254995e+002
+5.440220e+002	   -1.292924e+002
+5.460230e+002	   -1.330965e+002
+5.480240e+002	   -1.369121e+002
+5.500250e+002	   -1.407178e+002
+5.520260e+002	   -1.445123e+002
+5.540270e+002	   -1.483234e+002
+5.560280e+002	   -1.521247e+002
+5.580290e+002	   -1.559449e+002
+5.600300e+002	   -1.597336e+002
+5.620310e+002	   -1.635421e+002
+5.640320e+002	   -1.673541e+002
+5.660330e+002	   -1.711617e+002
+5.680340e+002	   -1.749243e+002
+5.700350e+002	   -1.787557e+002
+5.720360e+002	   -1.825681e+002
+5.740370e+002	   -1.863723e+002
+5.760380e+002	   -1.901790e+002
+5.780390e+002	   -1.939702e+002
+5.800400e+002	   -1.977817e+002
+5.820410e+002	   -2.015809e+002
+5.840420e+002	   -2.053837e+002
+5.860430e+002	   -2.091709e+002
+5.880440e+002	   -2.129955e+002
+5.900450e+002	   -2.168088e+002
+5.920460e+002	   -2.206025e+002
+5.940470e+002	   -2.244018e+002
+5.960480e+002	   -2.282095e+002
+5.980490e+002	   -2.320185e+002
+6.000500e+002	   -2.358224e+002
+6.020510e+002	   -2.396165e+002
+6.040520e+002	   -2.434286e+002
+6.060530e+002	   -2.472456e+002
+6.080540e+002	   -2.510538e+002
+6.100551e+002	   -2.548024e+002
+6.120560e+002	   -2.586241e+002
+6.140570e+002	   -2.624433e+002
+6.160580e+002	   -2.662623e+002
+6.180590e+002	   -2.700231e+002
+6.200601e+002	   -2.738539e+002
+6.220610e+002	   -2.776440e+002
+6.240620e+002	   -2.813990e+002
+6.260630e+002	   -2.852694e+002
+6.280640e+002	   -2.890614e+002
+6.300650e+002	   -2.928337e+002
+6.320660e+002	   -2.966391e+002
+6.340670e+002	   -3.004546e+002
+6.360681e+002	   -3.042568e+002
+6.380690e+002	   -3.080455e+002
+6.400700e+002	   -3.118591e+002
+6.420710e+002	   -3.156832e+002
+6.440720e+002	   -3.194986e+002
+6.460731e+002	   -3.232684e+002
+6.480740e+002	   -3.270854e+002
+6.500750e+002	   -3.308934e+002
+6.520760e+002	   -3.346827e+002
+6.540770e+002	   -3.384846e+002
+6.560781e+002	   -3.423110e+002
+6.580790e+002	   -3.460825e+002
+6.600800e+002	   -3.498960e+002
+6.620811e+002	   -3.537069e+002
+6.640820e+002	   -3.575111e+002
+6.660831e+002	   -3.612762e+002
+6.680840e+002	   -3.651158e+002
+6.700850e+002	   -3.689168e+002
+6.720861e+002	   -3.726652e+002
+6.740870e+002	   -3.765156e+002
+6.760881e+002	   -3.803096e+002
+6.780891e+002	   -3.841243e+002
+6.800900e+002	   -3.879214e+002
+6.820911e+002	   -3.916810e+002
+6.840920e+002	   -3.955178e+002
+6.860930e+002	   -3.993251e+002
+6.880941e+002	   -4.031237e+002
+6.900950e+002	   -4.069152e+002
+6.920961e+002	   -4.107403e+002
+6.940970e+002	   -4.145275e+002
+6.960980e+002	   -4.183273e+002
+6.980991e+002	   -4.221315e+002
+7.001000e+002	   -4.259345e+002
+7.021011e+002	   -4.297402e+002
+7.041021e+002	   -4.335465e+002
+7.061030e+002	   -4.372841e+002
+7.081041e+002	   -4.411326e+002
+7.101050e+002	   -4.449017e+002
+7.121061e+002	   -4.487290e+002
+7.141071e+002	   -4.525460e+002
+7.161080e+002	   -4.563370e+002
+7.181091e+002	   -4.601593e+002
+7.201100e+002	   -4.639431e+002
+7.221111e+002	   -4.677015e+002
+7.241121e+002	   -4.715438e+002
+7.261130e+002	   -4.753468e+002
+7.281141e+002	   -4.791510e+002
+7.301151e+002	   -4.829601e+002
+7.321160e+002	   -4.867094e+002
+7.341171e+002	   -4.905490e+002
+7.361180e+002	   -4.943170e+002
+7.381191e+002	   -4.981438e+002
+7.401201e+002	   -5.019642e+002
+7.421210e+002	   -5.057609e+002
+7.441221e+002	   -5.095657e+002
+7.461230e+002	   -5.133612e+002
+7.481241e+002	   -5.171077e+002
+7.501251e+002	   -5.209564e+002
+7.521260e+002	   -5.247598e+002
+7.541271e+002	   -5.285619e+002
+7.561281e+002	   -5.323557e+002
+7.581291e+002	   -5.361608e+002
+7.601301e+002	   -5.399542e+002
+7.621310e+002	   -5.437565e+002
+7.641321e+002	   -5.475123e+002
+7.661331e+002	   -5.513680e+002
+7.681341e+002	   -5.551661e+002
+7.701351e+002	   -5.589706e+002
+7.721360e+002	   -5.627651e+002
+7.741371e+002	   -5.665648e+002
+7.761381e+002	   -5.703615e+002
+7.781391e+002	   -5.741544e+002
+7.801401e+002	   -5.779714e+002
+7.821411e+002	   -5.817647e+002
+7.841421e+002	   -5.855655e+002
+7.861431e+002	   -5.893681e+002
+7.881440e+002	   -5.931605e+002
+7.901451e+002	   -5.969608e+002
+7.921461e+002	   -6.007661e+002
+7.941471e+002	   -6.045673e+002
+7.961481e+002	   -6.083484e+002
+7.981490e+002	   -6.121656e+002
+8.001501e+002	   -6.159573e+002
+8.021511e+002	   -6.196979e+002
+8.041521e+002	   -6.235692e+002
+8.061531e+002	   -6.273619e+002
+8.081541e+002	   -6.311672e+002
+8.101551e+002	   -6.349204e+002
+8.121561e+002	   -6.387539e+002
+8.141571e+002	   -6.425607e+002
+8.161581e+002	   -6.463495e+002
+8.181591e+002	   -6.501318e+002
+8.201601e+002	   -6.539606e+002
+8.221611e+002	   -6.577583e+002
+8.241621e+002	   -6.615598e+002
+8.261631e+002	   -6.653090e+002
+8.281641e+002	   -6.691603e+002
+8.301651e+002	   -6.729645e+002
+8.321661e+002	   -6.767668e+002
+8.341671e+002	   -6.805661e+002
+8.361681e+002	   -6.843629e+002
+8.381691e+002	   -6.881571e+002
+8.401701e+002	   -6.919097e+002
+8.421711e+002	   -6.957589e+002
+8.441721e+002	   -6.995578e+002
+8.461731e+002	   -7.033521e+002
+8.481741e+002	   -7.071194e+002
+8.501751e+002	   -7.109135e+002
+8.521761e+002	   -7.147546e+002
+8.541771e+002	   -7.185535e+002
+8.561781e+002	   -7.223124e+002
+8.581791e+002	   -7.261546e+002
+8.601801e+002	   -7.299511e+002
+8.621811e+002	   -7.337475e+002
+8.641821e+002	   -7.375500e+002
+8.661831e+002	   -7.413563e+002
+8.681841e+002	   -7.451516e+002
+8.701851e+002	   -7.489482e+002
+8.721861e+002	   -7.527521e+002
+8.741871e+002	   -7.565072e+002
+8.761881e+002	   -7.603509e+002
+8.781891e+002	   -7.641469e+002
+8.801901e+002	   -7.679599e+002
+8.821911e+002	   -7.716904e+002
+8.841921e+002	   -7.755569e+002
+8.861931e+002	   -7.793170e+002
+8.881941e+002	   -7.831469e+002
+8.901951e+002	   -7.869390e+002
+8.921961e+002	   -7.907271e+002
+8.941971e+002	   -7.945348e+002
+8.961981e+002	   -7.983340e+002
+8.981991e+002	   -8.021337e+002
+9.002001e+002	   -8.059390e+002
+9.022011e+002	   -8.097339e+002
+9.042021e+002	   -8.135275e+002
+9.062031e+002	   -8.173350e+002
+9.082041e+002	   -8.211301e+002
+9.102051e+002	   -8.249365e+002
+9.122061e+002	   -8.287293e+002
+9.142071e+002	   -8.325314e+002
+9.162081e+002	   -8.363271e+002
+9.182091e+002	   -8.401188e+002
+9.202101e+002	   -8.439245e+002
+9.222111e+002	   -8.477289e+002
+9.242121e+002	   -8.514756e+002
+9.262131e+002	   -8.553258e+002
+9.282141e+002	   -8.591218e+002
+9.302151e+002	   -8.629219e+002
+9.322161e+002	   -8.667268e+002
+9.342171e+002	   -8.705170e+002
+9.362181e+002	   -8.743185e+002
+9.382191e+002	   -8.781205e+002
+9.402201e+002	   -8.819124e+002
+9.422211e+002	   -8.857172e+002
+9.442221e+002	   -8.895170e+002
+9.462231e+002	   -8.933113e+002
+9.482241e+002	   -8.971175e+002
+9.502251e+002	   -9.009166e+002
+9.522261e+002	   -9.047036e+002
+9.542271e+002	   -9.084547e+002
+9.562281e+002	   -9.123062e+002
+9.582291e+002	   -9.161078e+002
+9.602301e+002	   -9.199127e+002
+9.622311e+002	   -9.236988e+002
+9.642321e+002	   -9.274609e+002
+9.662331e+002	   -9.312982e+002
+9.682341e+002	   -9.350961e+002
+9.702351e+002	   -9.388574e+002
+9.722361e+002	   -9.426961e+002
+9.742371e+002	   -9.464911e+002
+9.762381e+002	   -9.502372e+002
+9.782391e+002	   -9.540457e+002
+9.802401e+002	   -9.578878e+002
+9.822411e+002	   -9.616503e+002
+9.842421e+002	   -9.654864e+002
+9.862431e+002	   -9.692806e+002
+9.882441e+002	   -9.730264e+002
+9.902451e+002	   -9.768306e+002
+9.922461e+002	   -9.806793e+002
+9.942471e+002	   -9.844400e+002
+9.962481e+002	   -9.882783e+002
+9.982491e+002	   -9.920853e+002
+1.000250e+003	   -9.958828e+002
+1.002251e+003	   -9.996789e+002
+1.004252e+003	   -1.003475e+003
+1.006253e+003	   -1.007275e+003
+1.008254e+003	   -1.011067e+003
+1.010255e+003	   -1.014862e+003
+1.012256e+003	   -1.018660e+003
+1.014257e+003	   -1.022398e+003
+1.016258e+003	   -1.026260e+003
+1.018259e+003	   -1.030063e+003
+1.020260e+003	   -1.033859e+003
+1.022261e+003	   -1.037655e+003
+1.024262e+003	   -1.041451e+003
+1.026263e+003	   -1.045202e+003
+1.028264e+003	   -1.049053e+003
+1.030265e+003	   -1.052843e+003
+1.032266e+003	   -1.056596e+003
+1.034267e+003	   -1.060438e+003
+1.036268e+003	   -1.064245e+003
+1.038269e+003	   -1.068041e+003
+1.040270e+003	   -1.071792e+003
+1.042271e+003	   -1.075636e+003
+1.044272e+003	   -1.079382e+003
+1.046273e+003	   -1.083231e+003
+1.048274e+003	   -1.087033e+003
+1.050275e+003	   -1.090832e+003
+1.052276e+003	   -1.094632e+003
+1.054277e+003	   -1.098428e+003
+1.056278e+003	   -1.102181e+003
+1.058279e+003	   -1.106022e+003
+1.060280e+003	   -1.109821e+003
+1.062281e+003	   -1.113621e+003
+1.064282e+003	   -1.117415e+003
+1.066283e+003	   -1.121222e+003
+1.068284e+003	   -1.124956e+003
+1.070285e+003	   -1.128813e+003
+1.072286e+003	   -1.132612e+003
+1.074287e+003	   -1.136405e+003
+1.076288e+003	   -1.140151e+003
+1.078289e+003	   -1.144005e+003
+1.080290e+003	   -1.147794e+003
+1.082291e+003	   -1.151588e+003
+1.084292e+003	   -1.155344e+003
+1.086293e+003	   -1.159187e+003
+1.088294e+003	   -1.163005e+003
+1.090295e+003	   -1.166799e+003
+1.092296e+003	   -1.170592e+003
+1.094297e+003	   -1.174390e+003
+1.096298e+003	   -1.178182e+003
+1.098299e+003	   -1.181979e+003
+1.100300e+003	   -1.185770e+003
+1.102301e+003	   -1.189583e+003
+1.104302e+003	   -1.193380e+003
+1.106303e+003	   -1.197176e+003
+1.108304e+003	   -1.200971e+003
+1.110305e+003	   -1.204711e+003
+1.112306e+003	   -1.208572e+003
+1.114307e+003	   -1.212378e+003
+1.116308e+003	   -1.216167e+003
+1.118309e+003	   -1.219967e+003
+1.120310e+003	   -1.223759e+003
+1.122311e+003	   -1.227570e+003
+1.124312e+003	   -1.231351e+003
+1.126313e+003	   -1.235158e+003
+1.128314e+003	   -1.238949e+003
+1.130315e+003	   -1.242755e+003
+1.132316e+003	   -1.246552e+003
+1.134317e+003	   -1.250346e+003
+1.136318e+003	   -1.254139e+003
+1.138319e+003	   -1.257946e+003
+1.140320e+003	   -1.261733e+003
+1.142321e+003	   -1.265535e+003
+1.144322e+003	   -1.269338e+003
+1.146323e+003	   -1.273138e+003
+1.148324e+003	   -1.276926e+003
+1.150325e+003	   -1.280667e+003
+1.152326e+003	   -1.284532e+003
+1.154327e+003	   -1.288318e+003
+1.156328e+003	   -1.292113e+003
+1.158329e+003	   -1.295852e+003
+1.160330e+003	   -1.299707e+003
+1.162331e+003	   -1.303508e+003
+1.164332e+003	   -1.307307e+003
+1.166333e+003	   -1.311113e+003
+1.168334e+003	   -1.314909e+003
+1.170335e+003	   -1.318701e+003
+1.172336e+003	   -1.322442e+003
+1.174337e+003	   -1.326301e+003
+1.176338e+003	   -1.330103e+003
+1.178339e+003	   -1.333829e+003
+1.180340e+003	   -1.337685e+003
+1.182341e+003	   -1.341489e+003
+1.184342e+003	   -1.345216e+003
+1.186343e+003	   -1.349007e+003
+1.188344e+003	   -1.352887e+003
+1.190345e+003	   -1.356624e+003
+1.192346e+003	   -1.360469e+003
+1.194347e+003	   -1.364280e+003
+1.196348e+003	   -1.368074e+003
+1.198349e+003	   -1.371863e+003
+1.200350e+003	   -1.375658e+003
+1.202351e+003	   -1.379452e+003
+1.204352e+003	   -1.383266e+003
+1.206353e+003	   -1.386991e+003
+1.208354e+003	   -1.390853e+003
+1.210355e+003	   -1.394652e+003
+1.212356e+003	   -1.398382e+003
+1.214357e+003	   -1.402250e+003
+1.216358e+003	   -1.406004e+003
+1.218359e+003	   -1.409848e+003
+1.220360e+003	   -1.413586e+003
+1.222361e+003	   -1.417448e+003
+1.224362e+003	   -1.421235e+003
+1.226363e+003	   -1.425026e+003
+1.228364e+003	   -1.428791e+003
+1.230365e+003	   -1.432632e+003
+1.232366e+003	   -1.436408e+003
+1.234367e+003	   -1.440206e+003
+1.236368e+003	   -1.444016e+003
+1.238369e+003	   -1.447811e+003
+1.240370e+003	   -1.451598e+003
+1.242371e+003	   -1.455395e+003
+1.244372e+003	   -1.459213e+003
+1.246373e+003	   -1.462985e+003
+1.248374e+003	   -1.466805e+003
+1.250375e+003	   -1.470605e+003
+1.252376e+003	   -1.474411e+003
+1.254377e+003	   -1.478170e+003
+1.256378e+003	   -1.482010e+003
+1.258379e+003	   -1.485802e+003
+1.260380e+003	   -1.489563e+003
+1.262381e+003	   -1.493395e+003
+1.264382e+003	   -1.497210e+003
+1.266383e+003	   -1.501008e+003
+1.268384e+003	   -1.504808e+003
+1.270385e+003	   -1.508582e+003
+1.272386e+003	   -1.512382e+003
+1.274387e+003	   -1.516203e+003
+1.276388e+003	   -1.519965e+003
+1.278389e+003	   -1.523748e+003
+1.280390e+003	   -1.527571e+003
+1.282391e+003	   -1.531383e+003
+1.284392e+003	   -1.535128e+003
+1.286393e+003	   -1.538974e+003
+1.288394e+003	   -1.542695e+003
+1.290395e+003	   -1.546569e+003
+1.292396e+003	   -1.550360e+003
+1.294397e+003	   -1.554105e+003
+1.296398e+003	   -1.557920e+003
+1.298399e+003	   -1.561738e+003
+1.300400e+003	   -1.565540e+003
+1.302401e+003	   -1.569344e+003
+1.304402e+003	   -1.573142e+003
+1.306403e+003	   -1.576913e+003
+1.308404e+003	   -1.580712e+003
+1.310405e+003	   -1.584536e+003
+1.312406e+003	   -1.588329e+003
+1.314407e+003	   -1.592102e+003
+1.316408e+003	   -1.595913e+003
+1.318409e+003	   -1.599711e+003
+1.320410e+003	   -1.603531e+003
+1.322411e+003	   -1.607295e+003
+1.324412e+003	   -1.611114e+003
+1.326413e+003	   -1.614894e+003
+1.328414e+003	   -1.618696e+003
+1.330415e+003	   -1.622510e+003
+1.332416e+003	   -1.626280e+003
+1.334417e+003	   -1.630096e+003
+1.336418e+003	   -1.633875e+003
+1.338419e+003	   -1.637718e+003
+1.340420e+003	   -1.641495e+003
+1.342421e+003	   -1.645269e+003
+1.344422e+003	   -1.649090e+003
+1.346423e+003	   -1.652865e+003
+1.348424e+003	   -1.656682e+003
+1.350425e+003	   -1.660458e+003
+1.352426e+003	   -1.664291e+003
+1.354427e+003	   -1.668020e+003
+1.356428e+003	   -1.671881e+003
+1.358429e+003	   -1.675700e+003
+1.360430e+003	   -1.679450e+003
+1.362431e+003	   -1.683253e+003
+1.364432e+003	   -1.687022e+003
+1.366433e+003	   -1.690807e+003
+1.368434e+003	   -1.694612e+003
+1.370435e+003	   -1.698406e+003
+1.372436e+003	   -1.702249e+003
+1.374437e+003	   -1.706018e+003
+1.376438e+003	   -1.709908e+003
+1.378439e+003	   -1.713719e+003
+1.380440e+003	   -1.717405e+003
+1.382441e+003	   -1.721398e+003
+1.384442e+003	   -1.725005e+003
+1.386443e+003	   -1.728761e+003
+1.388444e+003	   -1.732582e+003
+1.390445e+003	   -1.736371e+003
+1.392446e+003	   -1.740204e+003
+1.394447e+003	   -1.744010e+003
+1.396448e+003	   -1.747811e+003
+1.398449e+003	   -1.751585e+003
+1.400450e+003	   -1.755425e+003
+1.402451e+003	   -1.759194e+003
+1.404452e+003	   -1.762961e+003
+1.406453e+003	   -1.766776e+003
+1.408454e+003	   -1.770559e+003
+1.410455e+003	   -1.774377e+003
+1.412456e+003	   -1.778135e+003
+1.414457e+003	   -1.782004e+003
+1.416458e+003	   -1.785698e+003
+1.418459e+003	   -1.789622e+003
+1.420460e+003	   -1.793229e+003
+1.422461e+003	   -1.797023e+003
+1.424462e+003	   -1.800878e+003
+1.426463e+003	   -1.804843e+003
+1.428464e+003	   -1.808701e+003
+1.430465e+003	   -1.812395e+003
+1.432466e+003	   -1.816247e+003
+1.434467e+003	   -1.819982e+003
+1.436468e+003	   -1.823663e+003
+1.438469e+003	   -1.827380e+003
+1.440470e+003	   -1.831384e+003
+1.442471e+003	   -1.835113e+003
+1.444472e+003	   -1.838948e+003
+1.446473e+003	   -1.842750e+003
+1.448474e+003	   -1.846506e+003
+1.450475e+003	   -1.850028e+003
+1.452476e+003	   -1.854331e+003
+1.454477e+003	   -1.857814e+003
+1.456478e+003	   -1.861622e+003
+1.458479e+003	   -1.865421e+003
+1.460480e+003	   -1.869079e+003
+1.462481e+003	   -1.873095e+003
+1.464482e+003	   -1.876781e+003
+1.466483e+003	   -1.880703e+003
+1.468484e+003	   -1.884498e+003
+1.470485e+003	   -1.887825e+003
+1.472486e+003	   -1.892263e+003
+1.474487e+003	   -1.896058e+003
+1.476488e+003	   -1.901316e+003
+1.478489e+003	   -1.906229e+003
+1.480490e+003	   -1.906310e+003
+1.482491e+003	   -1.910512e+003
+1.484492e+003	   -1.914877e+003
+1.486493e+003	   -1.918770e+003
+1.488494e+003	   -1.920904e+003
+1.490495e+003	   -1.926523e+003
+1.492496e+003	   -1.926995e+003
+1.494497e+003	   -1.931711e+003
+1.496498e+003	   -1.941178e+003
+1.498499e+003	   -1.939455e+003
+1.500500e+003	   -1.949193e+003
+1.502501e+003	   -1.945522e+003
+1.504502e+003	   -1.948536e+003
+1.506503e+003	   -1.972121e+003
+1.508504e+003	   -1.797993e+003
+1.510505e+003	   -1.785754e+003
+1.512506e+003	   -1.779735e+003
+1.514507e+003	   -1.784786e+003
+1.516508e+003	   -1.807865e+003
+1.518509e+003	   -1.797613e+003
+1.520510e+003	   -1.801214e+003
+1.522511e+003	   -1.807826e+003
+1.524512e+003	   -1.804506e+003
+1.526513e+003	   -1.811010e+003
+1.528514e+003	   -1.832491e+003
+1.530515e+003	   -1.821605e+003
+1.532516e+003	   -1.820912e+003
+1.534517e+003	   -1.820909e+003
+1.536518e+003	   -1.831060e+003
+1.538519e+003	   -1.834895e+003
+1.540520e+003	   -1.835456e+003
+1.542521e+003	   -1.858435e+003
+1.544522e+003	   -1.855861e+003
+1.546523e+003	   -1.863161e+003
+1.548524e+003	   -1.867692e+003
+1.550525e+003	   -1.872887e+003
+1.552526e+003	   -1.884655e+003
+1.554527e+003	   -1.905392e+003
+1.556528e+003	   -1.734889e+003
+1.558529e+003	   -1.688716e+003
+1.560530e+003	   -1.687666e+003
+1.562531e+003	   -1.695931e+003
+1.564532e+003	   -1.710727e+003
+1.566533e+003	   -1.693615e+003
+1.568534e+003	   -1.707538e+003
+1.570535e+003	   -1.726228e+003
+1.572536e+003	   -1.716667e+003
+1.574537e+003	   -1.741749e+003
+1.576538e+003	   -1.728533e+003
+1.578539e+003	   -1.745956e+003
+1.580540e+003	   -1.756677e+003
+1.582541e+003	   -1.749760e+003
+1.584542e+003	   -1.737769e+003
+1.586543e+003	   -1.723622e+003
+1.588544e+003	   -1.744372e+003
+1.590545e+003	   -1.749917e+003
+1.592546e+003	   -1.771392e+003
+1.594547e+003	   -1.743096e+003
+1.596548e+003	   -1.765271e+003
+1.598549e+003	   -1.743198e+003
+1.600550e+003	   -1.693926e+003
+1.602551e+003	   -1.692069e+003
+1.604552e+003	   -1.611485e+003
+1.606553e+003	   -1.594009e+003
+1.608554e+003	   -1.617439e+003
+1.610555e+003	   -1.606816e+003
+1.612556e+003	   -1.621270e+003
+1.614557e+003	   -1.627989e+003
+1.616558e+003	   -1.635028e+003
+1.618559e+003	   -1.644913e+003
+1.620560e+003	   -1.637800e+003
+1.622561e+003	   -1.642180e+003
+1.624562e+003	   -1.636584e+003
+1.626563e+003	   -1.652376e+003
+1.628564e+003	   -1.656345e+003
+1.630565e+003	   -1.643530e+003
+1.632566e+003	   -1.656675e+003
+1.634567e+003	   -1.659369e+003
+1.636568e+003	   -1.659495e+003
+1.638569e+003	   -1.674119e+003
+1.640570e+003	   -1.671491e+003
+1.642571e+003	   -1.671533e+003
+1.644572e+003	   -1.679600e+003
+1.646573e+003	   -1.679682e+003
+1.648574e+003	   -1.684063e+003
+1.650575e+003	   -1.691351e+003
+1.652576e+003	   -1.693878e+003
+1.654577e+003	   -1.700232e+003
+1.656578e+003	   -1.702265e+003
+1.658579e+003	   -1.702364e+003
+1.660580e+003	   -1.707000e+003
+1.662581e+003	   -1.711693e+003
+1.664582e+003	   -1.713085e+003
+1.666583e+003	   -1.722048e+003
+1.668584e+003	   -1.723265e+003
+1.670585e+003	   -1.728140e+003
+1.672586e+003	   -1.729886e+003
+1.674587e+003	   -1.734545e+003
+1.676588e+003	   -1.742170e+003
+1.678589e+003	   -1.741030e+003
+1.680590e+003	   -1.746165e+003
+1.682591e+003	   -1.752574e+003
+1.684592e+003	   -1.753879e+003
+1.686593e+003	   -1.761625e+003
+1.688594e+003	   -1.758431e+003
+1.690595e+003	   -1.760843e+003
+1.692596e+003	   -1.766786e+003
+1.694597e+003	   -1.771846e+003
+1.696598e+003	   -1.778557e+003
+1.698599e+003	   -1.779188e+003
+1.700600e+003	   -1.786095e+003
+1.702601e+003	   -1.790108e+003
+1.704602e+003	   -1.789329e+003
+1.706603e+003	   -1.796023e+003
+1.708604e+003	   -1.800479e+003
+1.710605e+003	   -1.805636e+003
+1.712606e+003	   -1.810330e+003
+1.714607e+003	   -1.814517e+003
+1.716608e+003	   -1.816166e+003
+1.718609e+003	   -1.820789e+003
+1.720610e+003	   -1.825958e+003
+1.722611e+003	   -1.818444e+003
+1.724612e+003	   -1.828939e+003
+1.726613e+003	   -1.838805e+003
+1.728614e+003	   -1.822753e+003
+1.730615e+003	   -1.841576e+003
+1.732616e+003	   -1.846261e+003
+1.734617e+003	   -1.818132e+003
+1.736618e+003	   -1.884226e+003
+1.738619e+003	   -1.775265e+003
+1.740620e+003	   -1.804185e+003
+1.742621e+003	   -1.625277e+003
+1.744622e+003	   -1.683462e+003
+1.746623e+003	   -1.605058e+003
+1.748624e+003	   -1.698149e+003
+1.750625e+003	   -1.697470e+003
+1.752626e+003	   -1.709999e+003
+1.754627e+003	   -1.724235e+003
+1.756628e+003	   -1.702743e+003
+1.758629e+003	   -1.715753e+003
+1.760630e+003	   -1.727458e+003
+1.762631e+003	   -1.726569e+003
+1.764632e+003	   -1.723721e+003
+1.766633e+003	   -1.736146e+003
+1.768634e+003	   -1.727881e+003
+1.770635e+003	   -1.721961e+003
+1.772636e+003	   -1.736463e+003
+1.774637e+003	   -1.741900e+003
+1.776638e+003	   -1.742734e+003
+1.778639e+003	   -1.746922e+003
+1.780640e+003	   -1.753089e+003
+1.782641e+003	   -1.765779e+003
+1.784642e+003	   -1.761330e+003
+1.786643e+003	   -1.760561e+003
+1.788644e+003	   -1.773760e+003
+1.790645e+003	   -1.770037e+003
+1.792646e+003	   -1.777360e+003
+1.794647e+003	   -1.775913e+003
+1.796648e+003	   -1.791637e+003
+1.798649e+003	   -1.788990e+003
+1.800650e+003	   -1.785382e+003
+1.802651e+003	   -1.788525e+003
+1.804652e+003	   -1.784913e+003
+1.806653e+003	   -1.824975e+003
+1.808654e+003	   -1.837573e+003
+1.810655e+003	   -1.842891e+003
+1.812656e+003	   -1.794294e+003
+1.814657e+003	   -1.807865e+003
+1.816658e+003	   -1.831614e+003
+1.818659e+003	   -1.857356e+003
+1.820660e+003	   -1.802340e+003
+1.822661e+003	   -1.841814e+003
+1.824662e+003	   -1.988508e+003
+1.826663e+003	   -1.877604e+003
+1.828664e+003	   -1.818889e+003
+1.830665e+003	   -1.865385e+003
+1.832666e+003	   -1.825190e+003
+1.834667e+003	   -1.743018e+003
+1.836668e+003	   -1.666589e+003
+1.838669e+003	   -1.704405e+003
+1.840670e+003	   -1.681732e+003
+1.842671e+003	   -1.654507e+003
+1.844672e+003	   -1.671066e+003
+1.846673e+003	   -1.686227e+003
+1.848674e+003	   -1.721600e+003
+1.850675e+003	   -1.706423e+003
+1.852676e+003	   -1.708694e+003
+1.854677e+003	   -1.737094e+003
+1.856678e+003	   -1.699552e+003
+1.858679e+003	   -1.742730e+003
+1.860680e+003	   -1.718925e+003
+1.862681e+003	   -1.682292e+003
+1.864682e+003	   -1.775292e+003
+1.866683e+003	   -1.757658e+003
+1.868684e+003	   -1.725908e+003
+1.870685e+003	   -1.727517e+003
+1.872686e+003	   -1.727201e+003
+1.874687e+003	   -1.733247e+003
+1.876688e+003	   -1.755235e+003
+1.878689e+003	   -1.800776e+003
+1.880690e+003	   -1.871976e+003
+1.882691e+003	   -1.721912e+003
+1.884692e+003	   -1.781699e+003
+1.886693e+003	   -1.886817e+003
+1.888694e+003	   -1.776194e+003
+1.890695e+003	   -1.664761e+003
+1.892696e+003	   -1.820539e+003
+1.894697e+003	   -1.751670e+003
+1.896698e+003	   -1.646335e+003
+1.898699e+003	   -1.550021e+003
+1.900700e+003	   -1.491729e+003
+1.902701e+003	   -1.487421e+003
+1.904702e+003	   -1.486724e+003
+1.906703e+003	   -1.496751e+003
+1.908704e+003	   -1.548333e+003
+1.910705e+003	   -1.614845e+003
+1.912706e+003	   -1.718707e+003
+1.914707e+003	   -1.823025e+003
+1.916708e+003	   -1.952807e+003
+1.918709e+003	   -2.098049e+003
+1.920710e+003	   -1.942106e+003
+1.922711e+003	   -2.117388e+003
+1.924712e+003	   -2.001181e+003
+1.926713e+003	   -1.888878e+003
+1.928714e+003	   -1.754866e+003
+1.930715e+003	   -1.710852e+003
+1.932716e+003	   -1.678202e+003
+1.934717e+003	   -1.665016e+003
+1.936718e+003	   -1.666388e+003
+1.938719e+003	   -1.686519e+003
+1.940720e+003	   -1.698569e+003
+1.942721e+003	   -1.729640e+003
+1.944722e+003	   -1.728747e+003
+1.946723e+003	   -1.696821e+003
+1.948724e+003	   -1.724538e+003
+1.950725e+003	   -1.711187e+003
+1.952726e+003	   -1.725329e+003
+1.954727e+003	   -1.715892e+003
+1.956728e+003	   -1.733816e+003
+1.958729e+003	   -1.731911e+003
+1.960730e+003	   -1.736037e+003
+1.962731e+003	   -1.734321e+003
+1.964732e+003	   -1.744858e+003
+1.966733e+003	   -1.750998e+003
+1.968734e+003	   -1.754738e+003
+1.970735e+003	   -1.760019e+003
+1.972736e+003	   -1.757458e+003
+1.974737e+003	   -1.762822e+003
+1.976738e+003	   -1.769711e+003
+1.978739e+003	   -1.776713e+003
+1.980740e+003	   -1.771305e+003
+1.982741e+003	   -1.783615e+003
+1.984742e+003	   -1.782026e+003
+1.986743e+003	   -1.786114e+003
+1.988744e+003	   -1.788799e+003
+1.990745e+003	   -1.787533e+003
+1.992746e+003	   -1.801315e+003
+1.994747e+003	   -1.805002e+003
+1.996748e+003	   -1.802088e+003
+1.998749e+003	   -1.812820e+003
+2.000750e+003	   -1.813100e+003
+2.002751e+003	   -1.819902e+003
+2.004752e+003	   -1.817864e+003
+2.006753e+003	   -1.829671e+003
+2.008754e+003	   -1.833687e+003
+2.010755e+003	   -1.830278e+003
+2.012756e+003	   -1.839829e+003
+2.014757e+003	   -1.835181e+003
+2.016758e+003	   -1.842149e+003
+2.018759e+003	   -1.844242e+003
+2.020760e+003	   -1.856327e+003
+2.022761e+003	   -1.855139e+003
+2.024762e+003	   -1.863152e+003
+2.026763e+003	   -1.864939e+003
+2.028764e+003	   -1.860646e+003
+2.030765e+003	   -1.872296e+003
+2.032766e+003	   -1.876966e+003
+2.034767e+003	   -1.887186e+003
+2.036768e+003	   -1.881787e+003
+2.038769e+003	   -1.892082e+003
+2.040770e+003	   -1.905052e+003
+2.042771e+003	   -1.897761e+003
+2.044772e+003	   -1.896655e+003
+2.046773e+003	   -1.907507e+003
+2.048774e+003	   -1.907369e+003
+2.050775e+003	   -1.922155e+003
+2.052776e+003	   -1.922135e+003
+2.054777e+003	   -1.906457e+003
+2.056778e+003	   -1.933451e+003
+2.058779e+003	   -1.940942e+003
+2.060780e+003	   -1.922912e+003
+2.062781e+003	   -1.934352e+003
+2.064782e+003	   -1.934629e+003
+2.066783e+003	   -1.941214e+003
+2.068784e+003	   -1.972364e+003
+2.070785e+003	   -1.955400e+003
+2.072786e+003	   -1.964977e+003
+2.074787e+003	   -1.950259e+003
+2.076788e+003	   -1.979845e+003
+2.078789e+003	   -1.953435e+003
+2.080790e+003	   -1.966636e+003
+2.082792e+003	   -1.969364e+003
+2.084792e+003	   -2.003718e+003
+2.086793e+003	   -1.973817e+003
+2.088794e+003	   -1.947765e+003
+2.090795e+003	   -2.060986e+003
+2.092796e+003	   -2.011367e+003
+2.094797e+003	   -1.996304e+003
+2.096798e+003	   -1.990916e+003
+2.098799e+003	   -1.997809e+003
+2.100800e+003	   -2.003555e+003
+2.102802e+003	   -2.011488e+003
+2.104802e+003	   -1.988299e+003
+2.106803e+003	   -2.092197e+003
+2.108804e+003	   -2.023750e+003
+2.110805e+003	   -2.036588e+003
+2.112806e+003	   -2.011000e+003
+2.114807e+003	   -2.058233e+003
+2.116808e+003	   -2.008448e+003
+2.118809e+003	   -2.044623e+003
+2.120810e+003	   -2.037869e+003
+2.122812e+003	   -2.104966e+003
+2.124813e+003	   -2.044394e+003
+2.126813e+003	   -2.049827e+003
+2.128814e+003	   -2.052662e+003
+2.130815e+003	   -2.046444e+003
+2.132816e+003	   -2.063919e+003
+2.134817e+003	   -2.100274e+003
+2.136818e+003	   -2.058472e+003
+2.138819e+003	   -2.060097e+003
+2.140820e+003	   -2.053600e+003
+2.142821e+003	   -2.058773e+003
+2.144823e+003	   -2.102807e+003
+2.146823e+003	   -2.062593e+003
+2.148824e+003	   -2.074228e+003
+2.150825e+003	   -2.090211e+003
+2.152826e+003	   -2.102644e+003
+2.154827e+003	   -2.109234e+003
+2.156828e+003	   -2.117425e+003
+2.158829e+003	   -2.115487e+003
+2.160830e+003	   -2.108432e+003
+2.162831e+003	   -2.111148e+003
+2.164833e+003	   -2.130436e+003
+2.166833e+003	   -2.107448e+003
+2.168834e+003	   -2.140392e+003
+2.170835e+003	   -2.114520e+003
+2.172836e+003	   -2.139371e+003
+2.174837e+003	   -2.147151e+003
+2.176838e+003	   -2.140835e+003
+2.178839e+003	   -2.121090e+003
+2.180840e+003	   -2.153189e+003
+2.182841e+003	   -2.141649e+003
+2.184843e+003	   -2.157815e+003
+2.186844e+003	   -2.174769e+003
+2.188844e+003	   -2.153109e+003
+2.190845e+003	   -2.183050e+003
+2.192846e+003	   -2.192524e+003
+2.194847e+003	   -2.185461e+003
+2.196848e+003	   -2.185033e+003
+2.198849e+003	   -2.196951e+003
+2.200850e+003	   -2.219827e+003
+2.202851e+003	   -2.200099e+003
+2.204853e+003	   -2.231365e+003
+2.206854e+003	   -2.197229e+003
+2.208854e+003	   -2.211703e+003
+2.210855e+003	   -2.166720e+003
+2.212856e+003	   -2.228652e+003
+2.214857e+003	   -2.237579e+003
+2.216858e+003	   -2.262044e+003
+2.218859e+003	   -2.193475e+003
+2.220860e+003	   -2.300438e+003
+2.222861e+003	   -2.227356e+003
+2.224863e+003	   -2.095593e+003
+2.226864e+003	   -2.112273e+003
+2.228865e+003	   -2.036268e+003
+2.230865e+003	   -2.058835e+003
+2.232866e+003	   -2.086715e+003
+2.234867e+003	   -2.053183e+003
+2.236868e+003	   -2.107136e+003
+2.238869e+003	   -2.075521e+003
+2.240870e+003	   -2.057554e+003
+2.242871e+003	   -2.104176e+003
+2.244872e+003	   -2.127817e+003
+2.246874e+003	   -2.098926e+003
+2.248875e+003	   -2.099697e+003
+2.250875e+003	   -2.080836e+003
+2.252876e+003	   -2.095133e+003
+2.254877e+003	   -2.116580e+003
+2.256878e+003	   -2.104106e+003
+2.258879e+003	   -2.118312e+003
+2.260880e+003	   -2.136942e+003
+2.262881e+003	   -2.115303e+003
+2.264882e+003	   -2.139865e+003
+2.266884e+003	   -2.131351e+003
+2.268885e+003	   -2.165566e+003
+2.270885e+003	   -2.155677e+003
+2.272886e+003	   -2.150576e+003
+2.274887e+003	   -2.152606e+003
+2.276888e+003	   -2.148113e+003
+2.278889e+003	   -2.146225e+003
+2.280890e+003	   -2.171426e+003
+2.282891e+003	   -2.166655e+003
+2.284892e+003	   -2.166833e+003
+2.286894e+003	   -2.183962e+003
+2.288895e+003	   -2.174239e+003
+2.290896e+003	   -2.184048e+003
+2.292896e+003	   -2.185099e+003
+2.294897e+003	   -2.184895e+003
+2.296898e+003	   -2.203080e+003
+2.298899e+003	   -2.207855e+003
+2.300900e+003	   -2.211873e+003
+2.302901e+003	   -2.221644e+003
+2.304902e+003	   -2.224939e+003
+2.306904e+003	   -2.233826e+003
+2.308905e+003	   -2.202962e+003
+2.310906e+003	   -2.217772e+003
+2.312906e+003	   -2.233730e+003
+2.314907e+003	   -2.246503e+003
+2.316908e+003	   -2.226037e+003
+2.318909e+003	   -2.261545e+003
+2.320910e+003	   -2.250004e+003
+2.322911e+003	   -2.242702e+003
+2.324912e+003	   -2.240749e+003
+2.326914e+003	   -2.276725e+003
+2.328915e+003	   -2.277278e+003
+2.330916e+003	   -2.263882e+003
+2.332917e+003	   -2.389914e+003
+2.334917e+003	   -2.467933e+003
+2.336918e+003	   -2.454185e+003
+2.338919e+003	   -2.397991e+003
+2.340920e+003	   -2.472828e+003
+2.342921e+003	   -2.453000e+003
+2.344922e+003	   -2.430195e+003
+2.346923e+003	   -2.456441e+003
+2.348925e+003	   -2.464827e+003
+2.350926e+003	   -2.461613e+003
+2.352927e+003	   -2.478965e+003
+2.354927e+003	   -2.477492e+003
+2.356928e+003	   -2.477043e+003
+2.358929e+003	   -2.500044e+003
+2.360930e+003	   -2.485688e+003
+2.362931e+003	   -2.497371e+003
+2.364932e+003	   -2.502703e+003
+2.366933e+003	   -2.503637e+003
+2.368935e+003	   -2.514911e+003
+2.370936e+003	   -2.512055e+003
+2.372937e+003	   -2.523404e+003
+2.374938e+003	   -2.524692e+003
+2.376938e+003	   -2.533572e+003
+2.378939e+003	   -2.534609e+003
+2.380940e+003	   -2.541206e+003
+2.382941e+003	   -2.543468e+003
+2.384942e+003	   -2.544255e+003
+2.386943e+003	   -2.544300e+003
+2.388945e+003	   -2.553160e+003
+2.390946e+003	   -2.555209e+003
+2.392947e+003	   -2.558565e+003
+2.394948e+003	   -2.562411e+003
+2.396948e+003	   -2.564154e+003
+2.398949e+003	   -2.570643e+003
+2.400950e+003	   -2.564150e+003
+2.402951e+003	   -2.576959e+003
+2.404952e+003	   -2.578318e+003
+2.406953e+003	   -2.584857e+003
+2.408955e+003	   -2.590772e+003
+2.410956e+003	   -2.595720e+003
+2.412957e+003	   -2.594525e+003
+2.414958e+003	   -2.600857e+003
+2.416958e+003	   -2.602259e+003
+2.418959e+003	   -2.609890e+003
+2.420960e+003	   -2.610755e+003
+2.422961e+003	   -2.611687e+003
+2.424962e+003	   -2.619188e+003
+2.426963e+003	   -2.623657e+003
+2.428965e+003	   -2.626555e+003
+2.430966e+003	   -2.633191e+003
+2.432967e+003	   -2.632670e+003
+2.434968e+003	   -2.638964e+003
+2.436969e+003	   -2.642159e+003
+2.438969e+003	   -2.644143e+003
+2.440970e+003	   -2.644423e+003
+2.442971e+003	   -2.651870e+003
+2.444972e+003	   -2.658595e+003
+2.446973e+003	   -2.661110e+003
+2.448974e+003	   -2.670101e+003
+2.450976e+003	   -2.674953e+003
+2.452977e+003	   -2.669323e+003
+2.454978e+003	   -2.680311e+003
+2.456979e+003	   -2.687123e+003
+2.458979e+003	   -2.682077e+003
+2.460980e+003	   -2.690643e+003
+2.462981e+003	   -2.696831e+003
+2.464982e+003	   -2.693603e+003
+2.466983e+003	   -2.693990e+003
+2.468984e+003	   -2.706582e+003
+2.470986e+003	   -2.713485e+003
+2.472987e+003	   -2.706975e+003
+2.474988e+003	   -2.720090e+003
+2.476989e+003	   -2.720876e+003
+2.478990e+003	   -2.725338e+003
+2.480990e+003	   -2.724821e+003
+2.482991e+003	   -2.735225e+003
+2.484992e+003	   -2.735175e+003
+2.486993e+003	   -2.741042e+003
+2.488994e+003	   -2.736526e+003
+2.490996e+003	   -2.747396e+003
+2.492997e+003	   -2.745707e+003
+2.494998e+003	   -2.750525e+003
+2.496999e+003	   -2.768652e+003
+2.499000e+003	   -2.759600e+003
+2.501000e+003	   -2.740314e+003
+2.503001e+003	   -2.762696e+003
+2.505002e+003	   -2.768944e+003
+2.507003e+003	   -2.778711e+003
+2.509004e+003	   -2.778376e+003
+2.511006e+003	   -2.754012e+003
+2.513007e+003	   -2.759971e+003
+2.515008e+003	   -2.788142e+003
+2.517009e+003	   -2.825713e+003
+2.519010e+003	   -2.775493e+003
+2.521010e+003	   -2.807708e+003
+2.523011e+003	   -2.784401e+003
+2.525012e+003	   -2.816944e+003
+2.527013e+003	   -2.769897e+003
+2.529014e+003	   -2.853506e+003
+2.531016e+003	   -2.826865e+003
+2.533017e+003	   -2.792449e+003
+2.535018e+003	   -2.787579e+003
+2.537019e+003	   -2.781576e+003
+2.539020e+003	   -2.793582e+003
+2.541021e+003	   -2.773133e+003
+2.543021e+003	   -2.772129e+003
+2.545022e+003	   -2.820635e+003
+2.547023e+003	   -2.868958e+003
+2.549024e+003	   -2.923832e+003
+2.551026e+003	   -2.821525e+003
+2.553027e+003	   -2.875432e+003
+2.555028e+003	   -2.809337e+003
+2.557029e+003	   -2.889177e+003
+2.559030e+003	   -2.833952e+003
+2.561031e+003	   -2.918454e+003
+2.563031e+003	   -2.901380e+003
+2.565032e+003	   -2.868537e+003
+2.567033e+003	   -2.860713e+003
+2.569034e+003	   -2.857753e+003
+2.571035e+003	   -2.857771e+003
+2.573037e+003	   -2.873205e+003
+2.575038e+003	   -2.880037e+003
+2.577039e+003	   -2.902772e+003
+2.579040e+003	   -2.921305e+003
+2.581041e+003	   -2.943905e+003
+2.583042e+003	   -2.900753e+003
+2.585042e+003	   -2.934529e+003
+2.587043e+003	   -2.925158e+003
+2.589044e+003	   -2.936477e+003
+2.591045e+003	   -2.924777e+003
+2.593047e+003	   -2.945247e+003
+2.595048e+003	   -2.949933e+003
+2.597049e+003	   -2.940738e+003
+2.599050e+003	   -2.943993e+003
+2.601051e+003	   -2.950233e+003
+2.603052e+003	   -2.967443e+003
+2.605052e+003	   -2.966708e+003
+2.607053e+003	   -2.970836e+003
+2.609054e+003	   -2.971077e+003
+2.611055e+003	   -2.973065e+003
+2.613057e+003	   -2.971622e+003
+2.615058e+003	   -2.992266e+003
+2.617059e+003	   -2.981408e+003
+2.619060e+003	   -2.990276e+003
+2.621061e+003	   -2.985896e+003
+2.623062e+003	   -2.998365e+003
+2.625063e+003	   -3.001158e+003
+2.627063e+003	   -2.996785e+003
+2.629064e+003	   -2.993788e+003
+2.631065e+003	   -3.019823e+003
+2.633067e+003	   -3.023053e+003
+2.635068e+003	   -3.031074e+003
+2.637069e+003	   -3.033252e+003
+2.639070e+003	   -3.039448e+003
+2.641071e+003	   -3.023220e+003
+2.643072e+003	   -3.027978e+003
+2.645073e+003	   -3.032760e+003
+2.647073e+003	   -3.040186e+003
+2.649074e+003	   -3.045613e+003
+2.651075e+003	   -3.059733e+003
+2.653077e+003	   -3.047228e+003
+2.655078e+003	   -3.079892e+003
+2.657079e+003	   -3.064419e+003
+2.659080e+003	   -3.049742e+003
+2.661081e+003	   -3.079411e+003
+2.663082e+003	   -3.055565e+003
+2.665083e+003	   -3.108720e+003
+2.667083e+003	   -3.103018e+003
+2.669084e+003	   -3.135677e+003
+2.671085e+003	   -3.193005e+003
+2.673086e+003	   -3.233916e+003
+2.675088e+003	   -3.281322e+003
+2.677089e+003	   -3.278756e+003
+2.679090e+003	   -3.274283e+003
+2.681091e+003	   -3.290385e+003
+2.683092e+003	   -3.278719e+003
+2.685093e+003	   -3.294941e+003
+2.687094e+003	   -3.287564e+003
+2.689094e+003	   -3.301474e+003
+2.691095e+003	   -3.305893e+003
+2.693096e+003	   -3.296950e+003
+2.695098e+003	   -3.314549e+003
+2.697099e+003	   -3.318075e+003
+2.699100e+003	   -3.322535e+003
+2.701101e+003	   -3.319339e+003
+2.703102e+003	   -3.318959e+003
+2.705103e+003	   -3.322452e+003
+2.707104e+003	   -3.339384e+003
+2.709104e+003	   -3.338948e+003
+2.711105e+003	   -3.338225e+003
+2.713106e+003	   -3.351182e+003
+2.715108e+003	   -3.346221e+003
+2.717109e+003	   -3.354443e+003
+2.719110e+003	   -3.359300e+003
+2.721111e+003	   -3.361382e+003
+2.723112e+003	   -3.368848e+003
+2.725113e+003	   -3.368629e+003
+2.727114e+003	   -3.371094e+003
+2.729115e+003	   -3.379201e+003
+2.731115e+003	   -3.378681e+003
+2.733116e+003	   -3.383491e+003
+2.735118e+003	   -3.385561e+003
+2.737119e+003	   -3.392379e+003
+2.739120e+003	   -3.394865e+003
+2.741121e+003	   -3.398266e+003
+2.743122e+003	   -3.402622e+003
+2.745123e+003	   -3.406480e+003
+2.747124e+003	   -3.413541e+003
+2.749125e+003	   -3.416439e+003
+2.751125e+003	   -3.421373e+003
+2.753126e+003	   -3.423092e+003
+2.755128e+003	   -3.426315e+003
+2.757129e+003	   -3.428002e+003
+2.759130e+003	   -3.435465e+003
+2.761131e+003	   -3.436896e+003
+2.763132e+003	   -3.440633e+003
+2.765133e+003	   -3.444346e+003
+2.767134e+003	   -3.448393e+003
+2.769135e+003	   -3.448348e+003
+2.771135e+003	   -3.455489e+003
+2.773136e+003	   -3.462442e+003
+2.775137e+003	   -3.462861e+003
+2.777139e+003	   -3.466219e+003
+2.779140e+003	   -3.469815e+003
+2.781141e+003	   -3.474307e+003
+2.783142e+003	   -3.475057e+003
+2.785143e+003	   -3.483185e+003
+2.787144e+003	   -3.486856e+003
+2.789145e+003	   -3.490482e+003
+2.791146e+003	   -3.494478e+003
+2.793146e+003	   -3.504389e+003
+2.795147e+003	   -3.498486e+003
+2.797149e+003	   -3.501637e+003
+2.799150e+003	   -3.507991e+003
+2.801151e+003	   -3.510644e+003
+2.803152e+003	   -3.514575e+003
+2.805153e+003	   -3.521426e+003
+2.807154e+003	   -3.526354e+003
+2.809155e+003	   -3.529605e+003
+2.811156e+003	   -3.529076e+003
+2.813156e+003	   -3.535483e+003
+2.815157e+003	   -3.542942e+003
+2.817159e+003	   -3.544966e+003
+2.819160e+003	   -3.535154e+003
+2.821161e+003	   -3.543166e+003
+2.823162e+003	   -3.536357e+003
+2.825163e+003	   -3.560271e+003
+2.827164e+003	   -3.559015e+003
+2.829165e+003	   -3.569542e+003
+2.831166e+003	   -3.559443e+003
+2.833167e+003	   -3.555649e+003
+2.835167e+003	   -3.598454e+003
+2.837169e+003	   -3.562088e+003
+2.839170e+003	   -3.654510e+003
+2.841171e+003	   -3.552469e+003
+2.843172e+003	   -3.456721e+003
+2.845173e+003	   -3.447881e+003
+2.847174e+003	   -3.407800e+003
+2.849175e+003	   -3.416217e+003
+2.851176e+003	   -3.429110e+003
+2.853177e+003	   -3.450420e+003
+2.855177e+003	   -3.431985e+003
+2.857179e+003	   -3.437441e+003
+2.859180e+003	   -3.446641e+003
+2.861181e+003	   -3.437857e+003
+2.863182e+003	   -3.445560e+003
+2.865183e+003	   -3.448507e+003
+2.867184e+003	   -3.470140e+003
+2.869185e+003	   -3.459736e+003
+2.871186e+003	   -3.463020e+003
+2.873187e+003	   -3.473561e+003
+2.875188e+003	   -3.478466e+003
+2.877188e+003	   -3.478778e+003
+2.879190e+003	   -3.475895e+003
+2.881191e+003	   -3.482050e+003
+2.883192e+003	   -3.488098e+003
+2.885193e+003	   -3.495831e+003
+2.887194e+003	   -3.499301e+003
+2.889195e+003	   -3.494525e+003
+2.891196e+003	   -3.499851e+003
+2.893197e+003	   -3.509284e+003
+2.895198e+003	   -3.508643e+003
+2.897198e+003	   -3.518501e+003
+2.899200e+003	   -3.519755e+003
+2.901201e+003	   -3.523464e+003
+2.903202e+003	   -3.525394e+003
+2.905203e+003	   -3.526759e+003
+2.907204e+003	   -3.534816e+003
+2.909205e+003	   -3.536324e+003
+2.911206e+003	   -3.540487e+003
+2.913207e+003	   -3.542213e+003
+2.915208e+003	   -3.552995e+003
+2.917208e+003	   -3.553637e+003
+2.919210e+003	   -3.557016e+003
+2.921211e+003	   -3.559681e+003
+2.923212e+003	   -3.564813e+003
+2.925213e+003	   -3.568951e+003
+2.927214e+003	   -3.568865e+003
+2.929215e+003	   -3.577576e+003
+2.931216e+003	   -3.582156e+003
+2.933217e+003	   -3.582160e+003
+2.935218e+003	   -3.579675e+003
+2.937219e+003	   -3.588787e+003
+2.939220e+003	   -3.591324e+003
+2.941221e+003	   -3.591276e+003
+2.943222e+003	   -3.599563e+003
+2.945223e+003	   -3.602694e+003
+2.947224e+003	   -3.604234e+003
+2.949225e+003	   -3.609784e+003
+2.951226e+003	   -3.611355e+003
+2.953227e+003	   -3.611960e+003
+2.955228e+003	   -3.629117e+003
+2.957229e+003	   -3.620321e+003
+2.959230e+003	   -3.632321e+003
+2.961231e+003	   -3.630854e+003
+2.963232e+003	   -3.649658e+003
+2.965233e+003	   -3.639969e+003
+2.967234e+003	   -3.656276e+003
+2.969235e+003	   -3.645929e+003
+2.971236e+003	   -3.649800e+003
+2.973237e+003	   -3.662317e+003
+2.975238e+003	   -3.674407e+003
+2.977239e+003	   -3.642511e+003
+2.979240e+003	   -3.677927e+003
+2.981241e+003	   -3.620264e+003
+2.983242e+003	   -3.440397e+003
+2.985243e+003	   -3.433478e+003
+2.987244e+003	   -3.519021e+003
+2.989245e+003	   -3.534828e+003
+2.991246e+003	   -3.497312e+003
+2.993247e+003	   -3.505165e+003
+2.995248e+003	   -3.510555e+003
+2.997249e+003	   -3.525668e+003
+2.999250e+003	   -3.517672e+003
+3.001251e+003	   -3.532872e+003
+3.003252e+003	   -3.541738e+003
+3.005253e+003	   -3.534547e+003
+3.007254e+003	   -3.541079e+003
+3.009255e+003	   -3.542003e+003
+3.011256e+003	   -3.545854e+003
+3.013257e+003	   -3.549151e+003
+3.015258e+003	   -3.557963e+003
+3.017259e+003	   -3.558143e+003
+3.019260e+003	   -3.556155e+003
+3.021261e+003	   -3.573399e+003
+3.023262e+003	   -3.571067e+003
+3.025263e+003	   -3.582273e+003
+3.027264e+003	   -3.576190e+003
+3.029265e+003	   -3.583332e+003
+3.031266e+003	   -3.592902e+003
+3.033267e+003	   -3.593742e+003
+3.035268e+003	   -3.590943e+003
+3.037269e+003	   -3.601885e+003
+3.039270e+003	   -3.602640e+003
+3.041271e+003	   -3.604890e+003
+3.043272e+003	   -3.612322e+003
+3.045273e+003	   -3.615058e+003
+3.047274e+003	   -3.622627e+003
+3.049275e+003	   -3.623455e+003
+3.051276e+003	   -3.625797e+003
+3.053277e+003	   -3.626448e+003
+3.055278e+003	   -3.635187e+003
+3.057279e+003	   -3.638877e+003
+3.059280e+003	   -3.642139e+003
+3.061281e+003	   -3.646587e+003
+3.063282e+003	   -3.648455e+003
+3.065283e+003	   -3.655043e+003
+3.067284e+003	   -3.655913e+003
+3.069285e+003	   -3.659257e+003
+3.071286e+003	   -3.665127e+003
+3.073287e+003	   -3.667313e+003
+3.075288e+003	   -3.673762e+003
+3.077289e+003	   -3.678966e+003
+3.079290e+003	   -3.680683e+003
+3.081291e+003	   -3.684446e+003
+3.083292e+003	   -3.689508e+003
+3.085293e+003	   -3.689225e+003
+3.087294e+003	   -3.694554e+003
+3.089295e+003	   -3.700617e+003
+3.091296e+003	   -3.702296e+003
+3.093297e+003	   -3.706212e+003
+3.095298e+003	   -3.708575e+003
+3.097299e+003	   -3.713497e+003
+3.099300e+003	   -3.718208e+003
+3.101301e+003	   -3.722678e+003
+3.103302e+003	   -3.727345e+003
+3.105303e+003	   -3.729871e+003
+3.107304e+003	   -3.733722e+003
+3.109305e+003	   -3.740133e+003
+3.111306e+003	   -3.738104e+003
+3.113307e+003	   -3.743517e+003
+3.115308e+003	   -3.748619e+003
+3.117309e+003	   -3.750146e+003
+3.119310e+003	   -3.761052e+003
+3.121311e+003	   -3.762182e+003
+3.123312e+003	   -3.758779e+003
+3.125313e+003	   -3.769652e+003
+3.127314e+003	   -3.769679e+003
+3.129315e+003	   -3.774689e+003
+3.131316e+003	   -3.784373e+003
+3.133317e+003	   -3.779640e+003
+3.135318e+003	   -3.785351e+003
+3.137319e+003	   -3.793526e+003
+3.139320e+003	   -3.796077e+003
+3.141321e+003	   -3.810604e+003
+3.143322e+003	   -3.809251e+003
+3.145323e+003	   -3.810236e+003
+3.147324e+003	   -3.794750e+003
+3.149325e+003	   -3.810003e+003
+3.151326e+003	   -3.835219e+003
+3.153327e+003	   -3.818932e+003
+3.155328e+003	   -3.816658e+003
+3.157329e+003	   -3.842805e+003
+3.159330e+003	   -3.822549e+003
+3.161331e+003	   -3.951588e+003
+3.163332e+003	   -3.874410e+003
+3.165333e+003	   -3.824042e+003
+3.167334e+003	   -3.771940e+003
+3.169335e+003	   -3.882900e+003
+3.171336e+003	   -3.978760e+003
+3.173337e+003	   -3.990399e+003
+3.175338e+003	   -3.997321e+003
+3.177339e+003	   -4.017850e+003
+3.179340e+003	   -4.077931e+003
+3.181341e+003	   -4.134575e+003
+3.183342e+003	   -3.972569e+003
+3.185343e+003	   -4.030911e+003
+3.187344e+003	   -4.084968e+003
+3.189345e+003	   -4.056723e+003
+3.191346e+003	   -4.088894e+003
+3.193347e+003	   -4.063276e+003
+3.195348e+003	   -4.077734e+003
+3.197349e+003	   -4.110299e+003
+3.199350e+003	   -4.092260e+003
+3.201351e+003	   -4.085713e+003
+3.203352e+003	   -4.089602e+003
+3.205353e+003	   -4.106181e+003
+3.207354e+003	   -4.090052e+003
+3.209355e+003	   -4.103987e+003
+3.211356e+003	   -4.116745e+003
+3.213357e+003	   -4.119151e+003
+3.215358e+003	   -4.122588e+003
+3.217359e+003	   -4.121915e+003
+3.219360e+003	   -4.136467e+003
+3.221361e+003	   -4.115625e+003
+3.223362e+003	   -4.140135e+003
+3.225363e+003	   -4.128193e+003
+3.227364e+003	   -4.133305e+003
+3.229365e+003	   -4.158254e+003
+3.231366e+003	   -4.136534e+003
+3.233367e+003	   -4.190918e+003
+3.235368e+003	   -4.292353e+003
+3.237369e+003	   -4.358510e+003
+3.239370e+003	   -4.298743e+003
+3.241371e+003	   -4.356474e+003
+3.243372e+003	   -4.361344e+003
+3.245373e+003	   -4.360882e+003
+3.247374e+003	   -4.356044e+003
+3.249375e+003	   -4.363670e+003
+3.251376e+003	   -4.372551e+003
+3.253377e+003	   -4.375993e+003
+3.255378e+003	   -4.372615e+003
+3.257379e+003	   -4.385612e+003
+3.259380e+003	   -4.382879e+003
+3.261381e+003	   -4.384087e+003
+3.263382e+003	   -4.395178e+003
+3.265383e+003	   -4.388057e+003
+3.267384e+003	   -4.399999e+003
+3.269385e+003	   -4.402302e+003
+3.271386e+003	   -4.406638e+003
+3.273387e+003	   -4.405893e+003
+3.275388e+003	   -4.413273e+003
+3.277389e+003	   -4.418742e+003
+3.279390e+003	   -4.419838e+003
+3.281391e+003	   -4.424322e+003
+3.283392e+003	   -4.426822e+003
+3.285393e+003	   -4.432864e+003
+3.287394e+003	   -4.436552e+003
+3.289395e+003	   -4.441458e+003
+3.291396e+003	   -4.441645e+003
+3.293397e+003	   -4.443975e+003
+3.295398e+003	   -4.444908e+003
+3.297399e+003	   -4.457901e+003
+3.299400e+003	   -4.466082e+003
+3.301401e+003	   -4.464731e+003
+3.303402e+003	   -4.462642e+003
+3.305403e+003	   -4.466513e+003
+3.307404e+003	   -4.479739e+003
+3.309405e+003	   -4.474781e+003
+3.311406e+003	   -4.485454e+003
+3.313407e+003	   -4.476854e+003
+3.315408e+003	   -4.493826e+003
+3.317409e+003	   -4.486504e+003
+3.319410e+003	   -4.499048e+003
+3.321411e+003	   -4.504375e+003
+3.323412e+003	   -4.510389e+003
+3.325413e+003	   -4.509182e+003
+3.327414e+003	   -4.511059e+003
+3.329415e+003	   -4.509335e+003
+3.331416e+003	   -4.508176e+003
+3.333417e+003	   -4.525034e+003
+3.335418e+003	   -4.530568e+003
+3.337419e+003	   -4.522723e+003
+3.339420e+003	   -4.532703e+003
+3.341421e+003	   -4.568293e+003
+3.343422e+003	   -4.544554e+003
+3.345423e+003	   -4.554156e+003
+3.347424e+003	   -4.556144e+003
+3.349425e+003	   -4.661394e+003
+3.351426e+003	   -4.697667e+003
+3.353427e+003	   -4.715418e+003
+3.355428e+003	   -4.750428e+003
+3.357429e+003	   -4.757647e+003
+3.359430e+003	   -4.751985e+003
+3.361431e+003	   -4.758626e+003
+3.363432e+003	   -4.762267e+003
+3.365433e+003	   -4.756657e+003
+3.367434e+003	   -4.764785e+003
+3.369435e+003	   -4.768046e+003
+3.371436e+003	   -4.776949e+003
+3.373437e+003	   -4.783197e+003
+3.375438e+003	   -4.784136e+003
+3.377439e+003	   -4.785190e+003
+3.379440e+003	   -4.783204e+003
+3.381441e+003	   -4.792671e+003
+3.383442e+003	   -4.801742e+003
+3.385443e+003	   -4.802454e+003
+3.387444e+003	   -4.803150e+003
+3.389445e+003	   -4.809325e+003
+3.391446e+003	   -4.814765e+003
+3.393447e+003	   -4.816561e+003
+3.395448e+003	   -4.819140e+003
+3.397449e+003	   -4.821606e+003
+3.399450e+003	   -4.827547e+003
+3.401451e+003	   -4.833180e+003
+3.403452e+003	   -4.836476e+003
+3.405453e+003	   -4.840745e+003
+3.407454e+003	   -4.844027e+003
+3.409455e+003	   -4.848147e+003
+3.411456e+003	   -4.851278e+003
+3.413457e+003	   -4.850959e+003
+3.415458e+003	   -4.854220e+003
+3.417459e+003	   -4.862706e+003
+3.419460e+003	   -4.868187e+003
+3.421461e+003	   -4.876217e+003
+3.423462e+003	   -4.873897e+003
+3.425463e+003	   -4.878094e+003
+3.427464e+003	   -4.886250e+003
+3.429465e+003	   -4.883093e+003
+3.431466e+003	   -4.883150e+003
+3.433467e+003	   -4.894068e+003
+3.435468e+003	   -4.904785e+003
+3.437469e+003	   -4.896995e+003
+3.439470e+003	   -4.930217e+003
+3.441471e+003	   -4.926439e+003
+3.443472e+003	   -5.098271e+003
+3.445473e+003	   -5.086068e+003
+3.447474e+003	   -5.101790e+003
+3.449475e+003	   -5.096278e+003
+3.451476e+003	   -5.108742e+003
+3.453477e+003	   -5.112363e+003
+3.455478e+003	   -5.115657e+003
+3.457479e+003	   -5.113661e+003
+3.459480e+003	   -5.116287e+003
+3.461481e+003	   -5.125889e+003
+3.463482e+003	   -5.136719e+003
+3.465483e+003	   -5.133873e+003
+3.467484e+003	   -5.131522e+003
+3.469485e+003	   -5.142205e+003
+3.471486e+003	   -5.142776e+003
+3.473487e+003	   -5.148670e+003
+3.475488e+003	   -5.151587e+003
+3.477489e+003	   -5.156893e+003
+3.479490e+003	   -5.161529e+003
+3.481491e+003	   -5.162133e+003
+3.483492e+003	   -5.167927e+003
+3.485493e+003	   -5.172399e+003
+3.487494e+003	   -5.174368e+003
+3.489495e+003	   -5.177816e+003
+3.491496e+003	   -5.182970e+003
+3.493497e+003	   -5.177716e+003
+3.495498e+003	   -5.186206e+003
+3.497499e+003	   -5.193821e+003
+3.499500e+003	   -5.199056e+003
+3.501501e+003	   -5.314829e+003
+3.503502e+003	   -5.391430e+003
+3.505503e+003	   -5.398112e+003
+3.507504e+003	   -5.393729e+003
+3.509505e+003	   -5.397255e+003
+3.511506e+003	   -5.402533e+003
+3.513507e+003	   -5.403818e+003
+3.515508e+003	   -5.408900e+003
+3.517509e+003	   -5.412816e+003
+3.519510e+003	   -5.415765e+003
+3.521511e+003	   -5.419674e+003
+3.523512e+003	   -5.423019e+003
+3.525513e+003	   -5.426520e+003
+3.527514e+003	   -5.430511e+003
+3.529515e+003	   -5.434401e+003
+3.531516e+003	   -5.438384e+003
+3.533517e+003	   -5.442084e+003
+3.535518e+003	   -5.446699e+003
+3.537519e+003	   -5.450425e+003
+3.539520e+003	   -5.453759e+003
+3.541521e+003	   -5.457269e+003
+3.543522e+003	   -5.461942e+003
+3.545523e+003	   -5.465093e+003
+3.547524e+003	   -5.468631e+003
+3.549525e+003	   -5.472436e+003
+3.551526e+003	   -5.476219e+003
+3.553527e+003	   -5.479984e+003
+3.555528e+003	   -5.484372e+003
+3.557529e+003	   -5.487536e+003
+3.559530e+003	   -5.491398e+003
+3.561531e+003	   -5.495232e+003
+3.563532e+003	   -5.498989e+003
+3.565533e+003	   -5.503139e+003
+3.567534e+003	   -5.506631e+003
+3.569535e+003	   -5.510391e+003
+3.571536e+003	   -5.514151e+003
+3.573537e+003	   -5.517965e+003
+3.575538e+003	   -5.521691e+003
+3.577539e+003	   -5.525530e+003
+3.579540e+003	   -5.529404e+003
+3.581541e+003	   -5.533146e+003
+3.583542e+003	   -5.537238e+003
+3.585543e+003	   -5.540787e+003
+3.587544e+003	   -5.544616e+003
+3.589545e+003	   -5.548587e+003
+3.591546e+003	   -5.552398e+003
+3.593547e+003	   -5.556136e+003
+3.595548e+003	   -5.559743e+003
+3.597549e+003	   -5.563541e+003
+3.599550e+003	   -5.567299e+003
+3.601551e+003	   -5.571148e+003
+3.603552e+003	   -5.574925e+003
+3.605553e+003	   -5.578708e+003
+3.607554e+003	   -5.582517e+003
+3.609555e+003	   -5.586294e+003
+3.611556e+003	   -5.590127e+003
+3.613557e+003	   -5.593882e+003
+3.615558e+003	   -5.597809e+003
+3.617559e+003	   -5.601478e+003
+3.619560e+003	   -5.605300e+003
+3.621561e+003	   -5.609083e+003
+3.623562e+003	   -5.612869e+003
+3.625563e+003	   -5.616668e+003
+3.627564e+003	   -5.620466e+003
+3.629565e+003	   -5.624355e+003
+3.631566e+003	   -5.628086e+003
+3.633567e+003	   -5.631838e+003
+3.635568e+003	   -5.635664e+003
+3.637569e+003	   -5.639430e+003
+3.639570e+003	   -5.643297e+003
+3.641571e+003	   -5.647049e+003
+3.643572e+003	   -5.650850e+003
+3.645573e+003	   -5.654637e+003
+3.647574e+003	   -5.658447e+003
+3.649575e+003	   -5.662223e+003
+3.651576e+003	   -5.666009e+003
+3.653577e+003	   -5.669807e+003
+3.655578e+003	   -5.673604e+003
+3.657579e+003	   -5.677384e+003
+3.659580e+003	   -5.681194e+003
+3.661581e+003	   -5.684987e+003
+3.663582e+003	   -5.688777e+003
+3.665583e+003	   -5.692591e+003
+3.667584e+003	   -5.696390e+003
+3.669585e+003	   -5.700172e+003
+3.671586e+003	   -5.703972e+003
+3.673587e+003	   -5.707774e+003
+3.675588e+003	   -5.711569e+003
+3.677589e+003	   -5.715362e+003
+3.679590e+003	   -5.719154e+003
+3.681591e+003	   -5.722949e+003
+3.683592e+003	   -5.726745e+003
+3.685593e+003	   -5.730537e+003
+3.687594e+003	   -5.734334e+003
+3.689595e+003	   -5.738129e+003
+3.691596e+003	   -5.741936e+003
+3.693597e+003	   -5.745720e+003
+3.695598e+003	   -5.749528e+003
+3.697599e+003	   -5.753316e+003
+3.699600e+003	   -5.757121e+003
+3.701601e+003	   -5.760907e+003
+3.703602e+003	   -5.764699e+003
+3.705603e+003	   -5.768506e+003
+3.707604e+003	   -5.772303e+003
+3.709605e+003	   -5.776076e+003
+3.711606e+003	   -5.779890e+003
+3.713607e+003	   -5.783687e+003
+3.715608e+003	   -5.787490e+003
+3.717609e+003	   -5.791281e+003
+3.719610e+003	   -5.795074e+003
+3.721611e+003	   -5.798867e+003
+3.723612e+003	   -5.802664e+003
+3.725613e+003	   -5.806473e+003
+3.727614e+003	   -5.810249e+003
+3.729615e+003	   -5.814058e+003
+3.731616e+003	   -5.817843e+003
+3.733617e+003	   -5.821646e+003
+3.735618e+003	   -5.825436e+003
+3.737619e+003	   -5.829237e+003
+3.739620e+003	   -5.833031e+003
+3.741621e+003	   -5.836830e+003
+3.743622e+003	   -5.840619e+003
+3.745623e+003	   -5.844416e+003
+3.747624e+003	   -5.848168e+003
+3.749625e+003	   -5.852014e+003
+3.751626e+003	   -5.855792e+003
+3.753627e+003	   -5.859588e+003
+3.755628e+003	   -5.863364e+003
+3.757629e+003	   -5.867141e+003
+3.759630e+003	   -5.870996e+003
+3.761631e+003	   -5.874783e+003
+3.763632e+003	   -5.878591e+003
+3.765633e+003	   -5.882373e+003
+3.767634e+003	   -5.886115e+003
+3.769635e+003	   -5.889976e+003
+3.771636e+003	   -5.893776e+003
+3.773637e+003	   -5.897563e+003
+3.775638e+003	   -5.901354e+003
+3.777639e+003	   -5.905146e+003
+3.779640e+003	   -5.908894e+003
+3.781641e+003	   -5.912751e+003
+3.783642e+003	   -5.916548e+003
+3.785643e+003	   -5.920324e+003
+3.787644e+003	   -5.924121e+003
+3.789645e+003	   -5.927940e+003
+3.791646e+003	   -5.931702e+003
+3.793647e+003	   -5.935475e+003
+3.795648e+003	   -5.939241e+003
+3.797649e+003	   -5.943103e+003
+3.799650e+003	   -5.946922e+003
+3.801651e+003	   -5.950700e+003
+3.803652e+003	   -5.954482e+003
+3.805653e+003	   -5.958215e+003
+3.807654e+003	   -5.962014e+003
+3.809655e+003	   -5.965812e+003
+3.811656e+003	   -5.969657e+003
+3.813657e+003	   -5.973468e+003
+3.815658e+003	   -5.977219e+003
+3.817659e+003	   -5.981077e+003
+3.819660e+003	   -5.984846e+003
+3.821661e+003	   -5.988664e+003
+3.823662e+003	   -5.992435e+003
+3.825663e+003	   -5.996203e+003
+3.827664e+003	   -6.000035e+003
+3.829665e+003	   -6.003852e+003
+3.831666e+003	   -6.007635e+003
+3.833667e+003	   -6.011417e+003
+3.835668e+003	   -6.015209e+003
+3.837669e+003	   -6.019011e+003
+3.839670e+003	   -6.022810e+003
+3.841671e+003	   -6.026603e+003
+3.843672e+003	   -6.030400e+003
+3.845673e+003	   -6.034200e+003
+3.847674e+003	   -6.037997e+003
+3.849675e+003	   -6.041742e+003
+3.851676e+003	   -6.045597e+003
+3.853677e+003	   -6.049395e+003
+3.855678e+003	   -6.053194e+003
+3.857679e+003	   -6.056923e+003
+3.859680e+003	   -6.060775e+003
+3.861681e+003	   -6.064576e+003
+3.863682e+003	   -6.068366e+003
+3.865683e+003	   -6.072100e+003
+3.867684e+003	   -6.075903e+003
+3.869685e+003	   -6.079749e+003
+3.871686e+003	   -6.083547e+003
+3.873687e+003	   -6.087284e+003
+3.875688e+003	   -6.091143e+003
+3.877689e+003	   -6.094936e+003
+3.879690e+003	   -6.098674e+003
+3.881691e+003	   -6.102470e+003
+3.883692e+003	   -6.106323e+003
+3.885693e+003	   -6.110125e+003
+3.887694e+003	   -6.113915e+003
+3.889695e+003	   -6.117716e+003
+3.891696e+003	   -6.121504e+003
+3.893697e+003	   -6.125303e+003
+3.895698e+003	   -6.129100e+003
+3.897699e+003	   -6.132836e+003
+3.899700e+003	   -6.136689e+003
+3.901701e+003	   -6.140489e+003
+3.903702e+003	   -6.144284e+003
+3.905703e+003	   -6.148080e+003
+3.907704e+003	   -6.151872e+003
+3.909705e+003	   -6.155666e+003
+3.911706e+003	   -6.159466e+003
+3.913707e+003	   -6.163259e+003
+3.915708e+003	   -6.167000e+003
+3.917709e+003	   -6.170860e+003
+3.919710e+003	   -6.174584e+003
+3.921711e+003	   -6.178438e+003
+3.923712e+003	   -6.182178e+003
+3.925713e+003	   -6.186035e+003
+3.927714e+003	   -6.189832e+003
+3.929715e+003	   -6.193628e+003
+3.931716e+003	   -6.197423e+003
+3.933717e+003	   -6.201212e+003
+3.935718e+003	   -6.204951e+003
+3.937719e+003	   -6.208820e+003
+3.939720e+003	   -6.212616e+003
+3.941721e+003	   -6.216399e+003
+3.943722e+003	   -6.220193e+003
+3.945723e+003	   -6.223942e+003
+3.947724e+003	   -6.227788e+003
+3.949725e+003	   -6.231587e+003
+3.951726e+003	   -6.235329e+003
+3.953727e+003	   -6.239179e+003
+3.955728e+003	   -6.242975e+003
+3.957729e+003	   -6.246714e+003
+3.959730e+003	   -6.250560e+003
+3.961731e+003	   -6.254296e+003
+3.963732e+003	   -6.258153e+003
+3.965733e+003	   -6.261956e+003
+3.967734e+003	   -6.265749e+003
+3.969735e+003	   -6.269544e+003
+3.971736e+003	   -6.273338e+003
+3.973737e+003	   -6.277132e+003
+3.975738e+003	   -6.280878e+003
+3.977739e+003	   -6.284725e+003
+3.979740e+003	   -6.288520e+003
+3.981741e+003	   -6.292319e+003
+3.983742e+003	   -6.296064e+003
+3.985743e+003	   -6.299907e+003
+3.987744e+003	   -6.303704e+003
+3.989745e+003	   -6.307499e+003
+3.991746e+003	   -6.311293e+003
+3.993747e+003	   -6.315091e+003
+3.995748e+003	   -6.318887e+003
+3.997749e+003	   -6.322680e+003
+3.999750e+003	   -6.326478e+003
+4.001751e+003	   -6.330273e+003
+4.003752e+003	   -6.334068e+003
+4.005753e+003	   -6.337865e+003
+4.007754e+003	   -6.341661e+003
+4.009755e+003	   -6.345458e+003
+4.011756e+003	   -6.349253e+003
+4.013757e+003	   -6.353041e+003
+4.015758e+003	   -6.356833e+003
+4.017759e+003	   -6.360627e+003
+4.019760e+003	   -6.364443e+003
+4.021761e+003	   -6.368223e+003
+4.023762e+003	   -6.372025e+003
+4.025763e+003	   -6.375823e+003
+4.027764e+003	   -6.379579e+003
+4.029765e+003	   -6.383408e+003
+4.031766e+003	   -6.387202e+003
+4.033767e+003	   -6.390998e+003
+4.035768e+003	   -6.394795e+003
+4.037769e+003	   -6.398596e+003
+4.039770e+003	   -6.402394e+003
+4.041771e+003	   -6.406187e+003
+4.043772e+003	   -6.409985e+003
+4.045773e+003	   -6.413778e+003
+4.047774e+003	   -6.417526e+003
+4.049775e+003	   -6.421319e+003
+4.051776e+003	   -6.425160e+003
+4.053777e+003	   -6.428968e+003
+4.055778e+003	   -6.432754e+003
+4.057779e+003	   -6.436556e+003
+4.059780e+003	   -6.440341e+003
+4.061781e+003	   -6.444147e+003
+4.063782e+003	   -6.447935e+003
+4.065783e+003	   -6.451730e+003
+4.067784e+003	   -6.455531e+003
+4.069785e+003	   -6.459333e+003
+4.071786e+003	   -6.463120e+003
+4.073787e+003	   -6.466920e+003
+4.075788e+003	   -6.470714e+003
+4.077789e+003	   -6.474511e+003
+4.079790e+003	   -6.478308e+003
+4.081791e+003	   -6.482100e+003
+4.083792e+003	   -6.485897e+003
+4.085793e+003	   -6.489693e+003
+4.087794e+003	   -6.493443e+003
+4.089795e+003	   -6.497288e+003
+4.091796e+003	   -6.501081e+003
+4.093797e+003	   -6.504878e+003
+4.095798e+003	   -6.508672e+003
+4.097799e+003	   -6.512468e+003
+4.099800e+003	   -6.516263e+003
+4.101801e+003	   -6.520059e+003
+4.103802e+003	   -6.523857e+003
+4.105803e+003	   -6.527650e+003
+4.107804e+003	   -6.531403e+003
+4.109805e+003	   -6.535245e+003
+4.111806e+003	   -6.539037e+003
+4.113807e+003	   -6.542833e+003
+4.115808e+003	   -6.546628e+003
+4.117809e+003	   -6.550423e+003
+4.119810e+003	   -6.554222e+003
+4.121811e+003	   -6.558016e+003
+4.123812e+003	   -6.561768e+003
+4.125813e+003	   -6.565610e+003
+4.127814e+003	   -6.569358e+003
+4.129815e+003	   -6.573201e+003
+4.131816e+003	   -6.576996e+003
+4.133817e+003	   -6.580791e+003
+4.135818e+003	   -6.584584e+003
+4.137819e+003	   -6.588338e+003
+4.139820e+003	   -6.592178e+003
+4.141821e+003	   -6.595974e+003
+4.143822e+003	   -6.599768e+003
+4.145823e+003	   -6.603563e+003
+4.147824e+003	   -6.607361e+003
+4.149825e+003	   -6.611155e+003
+4.151826e+003	   -6.614949e+003
+4.153827e+003	   -6.618750e+003
+4.155828e+003	   -6.622498e+003
+4.157829e+003	   -6.626338e+003
+4.159830e+003	   -6.630134e+003
+4.161831e+003	   -6.633931e+003
+4.163832e+003	   -6.637725e+003
+4.165833e+003	   -6.641521e+003
+4.167834e+003	   -6.645319e+003
+4.169835e+003	   -6.649113e+003
+4.171836e+003	   -6.652911e+003
+4.173837e+003	   -6.656706e+003
+4.175838e+003	   -6.660455e+003
+4.177839e+003	   -6.664251e+003
+4.179840e+003	   -6.668091e+003
+4.181841e+003	   -6.671888e+003
+4.183842e+003	   -6.675684e+003
+4.185843e+003	   -6.679479e+003
+4.187844e+003	   -6.683272e+003
+4.189845e+003	   -6.687075e+003
+4.191846e+003	   -6.690873e+003
+4.193847e+003	   -6.694669e+003
+4.195848e+003	   -6.698465e+003
+4.197849e+003	   -6.702261e+003
+4.199850e+003	   -6.706047e+003
+4.201851e+003	   -6.709802e+003
+4.203852e+003	   -6.713592e+003
+4.205853e+003	   -6.717439e+003
+4.207854e+003	   -6.721196e+003
+4.209855e+003	   -6.725033e+003
+4.211856e+003	   -6.728825e+003
+4.213857e+003	   -6.732618e+003
+4.215858e+003	   -6.736372e+003
+4.217859e+003	   -6.740210e+003
+4.219860e+003	   -6.744006e+003
+4.221861e+003	   -6.747805e+003
+4.223862e+003	   -6.751558e+003
+4.225863e+003	   -6.755398e+003
+4.227864e+003	   -6.759188e+003
+4.229865e+003	   -6.762976e+003
+4.231866e+003	   -6.766788e+003
+4.233867e+003	   -6.770569e+003
+4.235868e+003	   -6.774381e+003
+4.237869e+003	   -6.778172e+003
+4.239870e+003	   -6.781959e+003
+4.241871e+003	   -6.785758e+003
+4.243872e+003	   -6.789551e+003
+4.245873e+003	   -6.793344e+003
+4.247874e+003	   -6.797152e+003
+4.249875e+003	   -6.800938e+003
+4.251876e+003	   -6.804740e+003
+4.253877e+003	   -6.808536e+003
+4.255878e+003	   -6.812331e+003
+4.257879e+003	   -6.816123e+003
+4.259880e+003	   -6.819919e+003
+4.261881e+003	   -6.823717e+003
+4.263882e+003	   -6.827514e+003
+4.265883e+003	   -6.831308e+003
+4.267884e+003	   -6.835104e+003
+4.269885e+003	   -6.838899e+003
+4.271886e+003	   -6.842693e+003
+4.273887e+003	   -6.846447e+003
+4.275888e+003	   -6.850288e+003
+4.277889e+003	   -6.854080e+003
+4.279890e+003	   -6.857878e+003
+4.281891e+003	   -6.861674e+003
+4.283892e+003	   -6.865470e+003
+4.285893e+003	   -6.869263e+003
+4.287894e+003	   -6.873061e+003
+4.289895e+003	   -6.876860e+003
+4.291896e+003	   -6.880657e+003
+4.293897e+003	   -6.884439e+003
+4.295898e+003	   -6.888246e+003
+4.297899e+003	   -6.892045e+003
+4.299900e+003	   -6.895826e+003
+4.301901e+003	   -6.899632e+003
+4.303902e+003	   -6.903430e+003
+4.305903e+003	   -6.907223e+003
+4.307904e+003	   -6.911017e+003
+4.309905e+003	   -6.914814e+003
+4.311906e+003	   -6.918609e+003
+4.313907e+003	   -6.922410e+003
+4.315908e+003	   -6.926196e+003
+4.317909e+003	   -6.929992e+003
+4.319910e+003	   -6.933792e+003
+4.321911e+003	   -6.937587e+003
+4.323912e+003	   -6.941345e+003
+4.325913e+003	   -6.945184e+003
+4.327914e+003	   -6.948971e+003
+4.329915e+003	   -6.952772e+003
+4.331916e+003	   -6.956566e+003
+4.333917e+003	   -6.960364e+003
+4.335918e+003	   -6.964160e+003
+4.337919e+003	   -6.967957e+003
+4.339920e+003	   -6.971757e+003
+4.341921e+003	   -6.975545e+003
+4.343922e+003	   -6.979344e+003
+4.345923e+003	   -6.983090e+003
+4.347924e+003	   -6.986932e+003
+4.349925e+003	   -6.990728e+003
+4.351926e+003	   -6.994523e+003
+4.353927e+003	   -6.998315e+003
+4.355928e+003	   -7.002113e+003
+4.357929e+003	   -7.005863e+003
+4.359930e+003	   -7.009664e+003
+4.361931e+003	   -7.013503e+003
+4.363932e+003	   -7.017300e+003
+4.365933e+003	   -7.021093e+003
+4.367934e+003	   -7.024887e+003
+4.369935e+003	   -7.028683e+003
+4.371936e+003	   -7.032481e+003
+4.373937e+003	   -7.036279e+003
+4.375938e+003	   -7.040069e+003
+4.377939e+003	   -7.043865e+003
+4.379940e+003	   -7.047666e+003
+4.381941e+003	   -7.051458e+003
+4.383942e+003	   -7.055252e+003
+4.385943e+003	   -7.059051e+003
+4.387944e+003	   -7.062843e+003
+4.389945e+003	   -7.066638e+003
+4.391946e+003	   -7.070446e+003
+4.393947e+003	   -7.074243e+003
+4.395948e+003	   -7.078026e+003
+4.397949e+003	   -7.081822e+003
+4.399950e+003	   -7.085619e+003
+4.401951e+003	   -7.089418e+003
+4.403952e+003	   -7.093217e+003
+4.405953e+003	   -7.097008e+003
+4.407954e+003	   -7.100794e+003
+4.409955e+003	   -7.104594e+003
+4.411956e+003	   -7.108391e+003
+4.413957e+003	   -7.112192e+003
+4.415958e+003	   -7.115982e+003
+4.417959e+003	   -7.119750e+003
+4.419960e+003	   -7.123585e+003
+4.421961e+003	   -7.127367e+003
+4.423962e+003	   -7.131171e+003
+4.425963e+003	   -7.134964e+003
+4.427964e+003	   -7.138757e+003
+4.429965e+003	   -7.142557e+003
+4.431966e+003	   -7.146360e+003
+4.433967e+003	   -7.150140e+003
+4.435968e+003	   -7.153941e+003
+4.437969e+003	   -7.157740e+003
+4.439970e+003	   -7.161534e+003
+4.441971e+003	   -7.165332e+003
+4.443972e+003	   -7.169130e+003
+4.445973e+003	   -7.172923e+003
+4.447974e+003	   -7.176715e+003
+4.449975e+003	   -7.180511e+003
+4.451976e+003	   -7.184305e+003
+4.453977e+003	   -7.188106e+003
+4.455978e+003	   -7.191898e+003
+4.457979e+003	   -7.195699e+003
+4.459980e+003	   -7.199490e+003
+4.461981e+003	   -7.203240e+003
+4.463982e+003	   -7.207081e+003
+4.465983e+003	   -7.210876e+003
+4.467984e+003	   -7.214674e+003
+4.469985e+003	   -7.218470e+003
+4.471986e+003	   -7.222264e+003
+4.473987e+003	   -7.226062e+003
+4.475988e+003	   -7.229809e+003
+4.477989e+003	   -7.233653e+003
+4.479990e+003	   -7.237403e+003
+4.481991e+003	   -7.241250e+003
+4.483992e+003	   -7.245040e+003
+4.485993e+003	   -7.248791e+003
+4.487994e+003	   -7.252631e+003
+4.489995e+003	   -7.256430e+003
+4.491996e+003	   -7.260212e+003
+4.493997e+003	   -7.264020e+003
+4.495998e+003	   -7.267809e+003
+4.497999e+003	   -7.271607e+003
+4.500000e+003	   -7.275404e+003
