+1.000000e+001	   -5.271465e+001
+2.200100e+001	   -4.834202e+001
+3.400200e+001	   -4.730065e+001
+4.600300e+001	   -4.768365e+001
+5.800400e+001	   -4.899275e+001
+7.000500e+001	   -5.049841e+001
+8.200600e+001	   -5.319806e+001
+9.400700e+001	   -5.708841e+001
+1.060080e+002	   -6.444928e+001
+1.180090e+002	   -7.964751e+001
+1.300100e+002	   -6.189812e+001
+1.420110e+002	   -5.834308e+001
+1.540120e+002	   -5.586906e+001
+1.660130e+002	   -5.508006e+001
+1.780140e+002	   -5.516975e+001
+1.900150e+002	   -5.528355e+001
+2.020160e+002	   -5.682050e+001
+2.140170e+002	   -5.893021e+001
+2.260180e+002	   -6.233476e+001
+2.380190e+002	   -7.189288e+001
+2.500200e+002	   -8.280034e+001
+2.620210e+002	   -6.668237e+001
+2.740220e+002	   -6.219307e+001
+2.860230e+002	   -5.960456e+001
+2.980240e+002	   -5.936230e+001
+3.100250e+002	   -5.915664e+001
+3.220260e+002	   -5.929611e+001
+3.340270e+002	   -6.194720e+001
+3.460280e+002	   -6.442734e+001
+3.580290e+002	   -7.481762e+001
+3.700300e+002	   -8.426845e+001
+3.820310e+002	   -6.716528e+001
+3.940320e+002	   -6.392325e+001
+4.060330e+002	   -6.334905e+001
+4.180340e+002	   -6.087484e+001
+4.300350e+002	   -6.271897e+001
+4.420360e+002	   -6.616200e+001
+4.540370e+002	   -7.634011e+001
+4.660380e+002	   -7.813110e+001
+4.780390e+002	   -6.699084e+001
+4.900400e+002	   -6.892548e+001
+5.020410e+002	   -8.091922e+001
+5.140420e+002	   -5.856364e+001
+5.260430e+002	   -5.024934e+001
+5.380440e+002	   -4.434069e+001
+5.500450e+002	   -3.940651e+001
+5.620460e+002	   -3.544039e+001
+5.740470e+002	   -3.189233e+001
+5.860480e+002	   -2.872475e+001
+5.980490e+002	   -2.616139e+001
+6.100500e+002	   -2.366519e+001
+6.220510e+002	   -2.112085e+001
+6.340520e+002	   -1.925022e+001
+6.460530e+002	   -1.714884e+001
+6.580540e+002	   -1.540915e+001
+6.700551e+002	   -1.378199e+001
+6.820560e+002	   -1.231908e+001
+6.940570e+002	   -1.094338e+001
+7.060580e+002	   -9.700616e+000
+7.180590e+002	   -8.552406e+000
+7.300601e+002	   -7.504361e+000
+7.420610e+002	   -6.556068e+000
+7.540620e+002	   -5.687466e+000
+7.660630e+002	   -4.898406e+000
+7.780640e+002	   -4.190446e+000
+7.900650e+002	   -3.559715e+000
+8.020660e+002	   -3.030092e+000
+8.140670e+002	   -2.526351e+000
+8.260681e+002	   -2.043721e+000
+8.380690e+002	   -1.657009e+000
+8.500700e+002	   -1.323370e+000
+8.620710e+002	   -1.038837e+000
+8.740720e+002	   -7.995607e-001
+8.860731e+002	   -5.992340e-001
+8.980740e+002	   -4.500195e-001
+9.100750e+002	   -3.019409e-001
+9.220760e+002	   -2.001537e-001
+9.340770e+002	   -1.208571e-001
+9.460781e+002	   -5.667803e-002
+9.580790e+002	   -1.336670e-002
+9.700800e+002	   +1.833840e-002
+9.820811e+002	   +3.529170e-002
+9.940820e+002	   +4.747836e-002
+1.006083e+003	   +5.511898e-002
+1.018084e+003	   +5.565864e-002
+1.030085e+003	   +5.202089e-002
+1.042086e+003	   +5.778159e-002
+1.054087e+003	   +5.661922e-002
+1.066088e+003	   +5.546505e-002
+1.078089e+003	   +5.784465e-002
+1.090090e+003	   +5.515064e-002
+1.102091e+003	   +5.643988e-002
+1.114092e+003	   +5.655617e-002
+1.126093e+003	   +5.965911e-002
+1.138094e+003	   +5.910680e-002
+1.150095e+003	   +5.978974e-002
+1.162096e+003	   +6.106073e-002
+1.174097e+003	   +5.943591e-002
+1.186098e+003	   +5.843590e-002
+1.198099e+003	   +5.874313e-002
+1.210100e+003	   +5.405443e-002
+1.222101e+003	   +5.651964e-002
+1.234102e+003	   +5.491042e-002
+1.246103e+003	   +5.343502e-002
+1.258104e+003	   +5.756201e-002
+1.270105e+003	   +5.038761e-002
+1.282106e+003	   +5.584466e-002
+1.294107e+003	   +5.676812e-002
+1.306108e+003	   +5.878076e-002
+1.318109e+003	   +5.599349e-002
+1.330110e+003	   +6.027094e-002
+1.342111e+003	   +6.013926e-002
+1.354112e+003	   +6.188630e-002
+1.366113e+003	   +6.144084e-002
+1.378114e+003	   +6.152759e-002
+1.390115e+003	   +6.125394e-002
+1.402116e+003	   +5.958972e-002
+1.414117e+003	   +5.955097e-002
+1.426118e+003	   +5.443488e-002
+1.438119e+003	   +5.692104e-002
+1.450120e+003	   +5.786024e-002
+1.462121e+003	   +5.506643e-002
+1.474122e+003	   +5.616419e-002
+1.486123e+003	   +5.800381e-002
+1.498124e+003	   +5.510558e-002
+1.510125e+003	   +5.623275e-002
+1.522126e+003	   +5.905522e-002
+1.534127e+003	   +6.071717e-002
+1.546128e+003	   +6.227962e-002
+1.558129e+003	   +6.321048e-002
+1.570130e+003	   +6.481696e-002
+1.582131e+003	   +6.560373e-002
+1.594132e+003	   +6.611348e-002
+1.606133e+003	   +6.594526e-002
+1.618134e+003	   +6.664996e-002
+1.630135e+003	   +6.613664e-002
+1.642136e+003	   +6.611241e-002
+1.654137e+003	   +6.782792e-002
+1.666138e+003	   +6.307130e-002
+1.678139e+003	   +6.055272e-002
+1.690140e+003	   +6.314661e-002
+1.702141e+003	   +6.249067e-002
+1.714142e+003	   +6.207857e-002
+1.726143e+003	   +6.223738e-002
+1.738144e+003	   +6.376947e-002
+1.750145e+003	   +6.452261e-002
+1.762146e+003	   +6.668471e-002
+1.774147e+003	   +6.818601e-002
+1.786148e+003	   +6.748203e-002
+1.798149e+003	   +6.871419e-002
+1.810150e+003	   +6.877559e-002
+1.822151e+003	   +6.928510e-002
+1.834152e+003	   +6.832702e-002
+1.846153e+003	   +6.810495e-002
+1.858154e+003	   +6.597564e-002
+1.870155e+003	   +6.742257e-002
+1.882156e+003	   +6.647464e-002
+1.894157e+003	   +6.340427e-002
+1.906158e+003	   +6.301811e-002
+1.918159e+003	   +6.286918e-002
+1.930160e+003	   +6.636240e-002
+1.942161e+003	   +6.782445e-002
+1.954162e+003	   +6.749836e-002
+1.966163e+003	   +7.222294e-002
+1.978164e+003	   +7.160658e-002
+1.990165e+003	   +7.187318e-002
+2.002166e+003	   +6.790927e-002
+2.014167e+003	   +5.802437e-002
+2.026168e+003	   +4.166497e-002
+2.038169e+003	   +1.455578e-002
+2.050170e+003	   -2.360089e-002
+2.062171e+003	   -8.213173e-002
+2.074172e+003	   -1.574737e-001
+2.086173e+003	   -2.561254e-001
+2.098174e+003	   -3.728687e-001
+2.110175e+003	   -5.250813e-001
+2.122176e+003	   -7.239529e-001
+2.134177e+003	   -9.497319e-001
+2.146178e+003	   -1.220295e+000
+2.158179e+003	   -1.538822e+000
+2.170180e+003	   -1.908351e+000
+2.182181e+003	   -2.295864e+000
+2.194182e+003	   -2.812378e+000
+2.206183e+003	   -3.359765e+000
+2.218184e+003	   -3.967835e+000
+2.230185e+003	   -4.652251e+000
+2.242186e+003	   -5.414510e+000
+2.254187e+003	   -6.254913e+000
+2.266188e+003	   -7.178502e+000
+2.278189e+003	   -8.200230e+000
+2.290190e+003	   -9.315143e+000
+2.302191e+003	   -1.041455e+001
+2.314192e+003	   -1.186396e+001
+2.326193e+003	   -1.317713e+001
+2.338194e+003	   -1.489599e+001
+2.350195e+003	   -1.661430e+001
+2.362196e+003	   -1.831131e+001
+2.374197e+003	   -2.053308e+001
+2.386198e+003	   -2.255478e+001
+2.398199e+003	   -2.521004e+001
+2.410200e+003	   -2.789901e+001
+2.422201e+003	   -3.086973e+001
+2.434202e+003	   -3.416778e+001
+2.446203e+003	   -3.791344e+001
+2.458204e+003	   -4.209463e+001
+2.470205e+003	   -4.706520e+001
+2.482206e+003	   -5.299178e+001
+2.494207e+003	   -6.061811e+001
+2.506208e+003	   -6.672892e+001
+2.518209e+003	   -7.341646e+001
+2.530210e+003	   -7.678286e+001
+2.542211e+003	   -7.920473e+001
+2.554212e+003	   -6.775322e+001
+2.566213e+003	   -6.938352e+001
+2.578214e+003	   -6.755956e+001
+2.590215e+003	   -6.608441e+001
+2.602216e+003	   -6.926125e+001
+2.614217e+003	   -7.291345e+001
+2.626218e+003	   -7.849007e+001
+2.638219e+003	   -9.279652e+001
+2.650220e+003	   -8.910651e+001
+2.662221e+003	   -8.149284e+001
+2.674222e+003	   -7.876789e+001
+2.686223e+003	   -7.866398e+001
+2.698224e+003	   -8.417441e+001
+2.710225e+003	   -9.302015e+001
+2.722226e+003	   -8.561533e+001
+2.734227e+003	   -7.977976e+001
+2.746228e+003	   -7.493111e+001
+2.758229e+003	   -7.268291e+001
+2.770230e+003	   -7.692989e+001
+2.782231e+003	   -7.799200e+001
+2.794232e+003	   -8.130332e+001
+2.806233e+003	   -1.052925e+002
+2.818234e+003	   -8.386116e+001
+2.830235e+003	   -7.744212e+001
+2.842236e+003	   -7.489956e+001
+2.854237e+003	   -7.339432e+001
+2.866238e+003	   -7.403584e+001
+2.878239e+003	   -7.336028e+001
+2.890240e+003	   -7.595612e+001
+2.902241e+003	   -8.115977e+001
+2.914242e+003	   -1.001098e+002
+2.926243e+003	   -9.049701e+001
+2.938244e+003	   -7.686921e+001
+2.950245e+003	   -7.272159e+001
+2.962246e+003	   -7.113029e+001
+2.974247e+003	   -7.115778e+001
+2.986248e+003	   -6.931760e+001
+2.998249e+003	   -6.964123e+001
+3.010250e+003	   -7.033868e+001
+3.022251e+003	   -7.208123e+001
+3.034252e+003	   -7.224112e+001
+3.046253e+003	   -7.457034e+001
+3.058254e+003	   -7.894915e+001
+3.070255e+003	   -7.673161e+001
+3.082256e+003	   -8.032847e+001
+3.094257e+003	   -8.038409e+001
+3.106258e+003	   -8.430223e+001
+3.118259e+003	   -8.720584e+001
+3.130260e+003	   -7.946755e+001
+3.142261e+003	   -8.666447e+001
+3.154262e+003	   -7.613181e+001
+3.166263e+003	   -7.872982e+001
+3.178264e+003	   -7.358255e+001
+3.190265e+003	   -9.160043e+001
+3.202266e+003	   -7.495694e+001
+3.214267e+003	   -7.711543e+001
+3.226268e+003	   -8.320440e+001
+3.238269e+003	   -8.384146e+001
+3.250270e+003	   -8.340081e+001
+3.262271e+003	   -9.762284e+001
+3.274272e+003	   -9.161182e+001
+3.286273e+003	   -9.268119e+001
+3.298274e+003	   -9.072641e+001
+3.310275e+003	   -8.517940e+001
+3.322276e+003	   -8.481635e+001
+3.334277e+003	   -7.943002e+001
+3.346278e+003	   -7.939607e+001
+3.358279e+003	   -7.953620e+001
+3.370280e+003	   -7.651598e+001
+3.382281e+003	   -8.096363e+001
+3.394282e+003	   -8.049983e+001
+3.406283e+003	   -8.418053e+001
+3.418284e+003	   -8.809552e+001
+3.430285e+003	   -1.004453e+002
+3.442286e+003	   -8.312595e+001
+3.454287e+003	   -7.711353e+001
+3.466288e+003	   -7.424072e+001
+3.478289e+003	   -7.458849e+001
+3.490290e+003	   -7.351955e+001
+3.502291e+003	   -7.316949e+001
+3.514292e+003	   -7.691473e+001
+3.526293e+003	   -7.694093e+001
+3.538294e+003	   -7.917713e+001
+3.550295e+003	   -9.448876e+001
+3.562296e+003	   -8.660757e+001
+3.574297e+003	   -7.726143e+001
+3.586298e+003	   -7.440286e+001
+3.598299e+003	   -7.442155e+001
+3.610300e+003	   -7.451972e+001
+3.622301e+003	   -7.696035e+001
+3.634302e+003	   -8.122259e+001
+3.646303e+003	   -8.403038e+001
+3.658304e+003	   -7.712848e+001
+3.670305e+003	   -7.410876e+001
+3.682306e+003	   -6.895376e+001
+3.694307e+003	   -6.562714e+001
+3.706308e+003	   -6.474802e+001
+3.718309e+003	   -6.292985e+001
+3.730310e+003	   -6.210678e+001
+3.742311e+003	   -6.156646e+001
+3.754312e+003	   -6.118837e+001
+3.766313e+003	   -6.283851e+001
+3.778314e+003	   -6.251422e+001
+3.790315e+003	   -6.721698e+001
+3.802316e+003	   -6.280230e+001
+3.814317e+003	   -6.488296e+001
+3.826318e+003	   -7.189514e+001
+3.838319e+003	   -7.158627e+001
+3.850320e+003	   -8.253575e+001
+3.862321e+003	   -7.776575e+001
+3.874322e+003	   -7.481256e+001
+3.886323e+003	   -7.751222e+001
+3.898324e+003	   -7.388161e+001
+3.910325e+003	   -7.538648e+001
+3.922326e+003	   -8.698264e+001
+3.934327e+003	   -8.599072e+001
+3.946328e+003	   -7.868360e+001
+3.958329e+003	   -7.507766e+001
+3.970330e+003	   -7.276113e+001
+3.982331e+003	   -7.056750e+001
+3.994332e+003	   -6.975634e+001
+4.006333e+003	   -6.962850e+001
+4.018334e+003	   -6.962691e+001
+4.030335e+003	   -7.132859e+001
+4.042336e+003	   -7.504855e+001
+4.054337e+003	   -8.054510e+001
+4.066338e+003	   -9.051328e+001
+4.078339e+003	   -8.443067e+001
+4.090340e+003	   -7.652861e+001
+4.102341e+003	   -7.358580e+001
+4.114342e+003	   -7.108974e+001
+4.126343e+003	   -7.187292e+001
+4.138344e+003	   -7.130193e+001
+4.150345e+003	   -7.299364e+001
+4.162346e+003	   -7.504678e+001
+4.174347e+003	   -7.641595e+001
+4.186348e+003	   -8.359267e+001
+4.198349e+003	   -8.673372e+001
+4.210350e+003	   -8.669569e+001
+4.222351e+003	   -8.933891e+001
+4.234352e+003	   -8.126897e+001
+4.246353e+003	   -7.902833e+001
+4.258354e+003	   -7.861474e+001
+4.270355e+003	   -7.835587e+001
+4.282356e+003	   -8.073640e+001
+4.294357e+003	   -8.114165e+001
+4.306358e+003	   -9.736868e+001
+4.318359e+003	   -9.855990e+001
+4.330360e+003	   -8.770384e+001
+4.342361e+003	   -1.007632e+002
+4.354362e+003	   -9.002866e+001
+4.366363e+003	   -9.459972e+001
+4.378364e+003	   -8.932283e+001
+4.390365e+003	   -9.254979e+001
+4.402366e+003	   -8.257635e+001
+4.414367e+003	   -7.799841e+001
+4.426368e+003	   -8.083531e+001
+4.438369e+003	   -7.620862e+001
+4.450370e+003	   -7.623581e+001
+4.462371e+003	   -7.759987e+001
+4.474372e+003	   -7.925656e+001
+4.486373e+003	   -8.535176e+001
+4.498374e+003	   -9.117765e+001
+4.510375e+003	   -8.678226e+001
+4.522376e+003	   -7.708305e+001
+4.534377e+003	   -7.518285e+001
+4.546378e+003	   -7.244898e+001
+4.558379e+003	   -7.073585e+001
+4.570380e+003	   -6.975951e+001
+4.582381e+003	   -6.844606e+001
+4.594382e+003	   -6.807182e+001
+4.606383e+003	   -6.868614e+001
+4.618384e+003	   -6.879169e+001
+4.630385e+003	   -6.968081e+001
+4.642386e+003	   -7.163885e+001
+4.654387e+003	   -7.390858e+001
+4.666388e+003	   -7.422041e+001
+4.678389e+003	   -7.946413e+001
+4.690390e+003	   -8.185890e+001
+4.702391e+003	   -8.355868e+001
+4.714392e+003	   -9.839838e+001
+4.726393e+003	   -1.032048e+002
+4.738394e+003	   -9.754208e+001
+4.750395e+003	   -1.021785e+002
+4.762396e+003	   -9.721312e+001
+4.774397e+003	   -9.696354e+001
+4.786398e+003	   -9.126671e+001
+4.798399e+003	   -9.630051e+001
+4.810400e+003	   -9.479019e+001
+4.822401e+003	   -9.693520e+001
+4.834402e+003	   -9.912483e+001
+4.846403e+003	   -9.077971e+001
+4.858404e+003	   -8.701973e+001
+4.870405e+003	   -8.151242e+001
+4.882406e+003	   -7.972284e+001
+4.894407e+003	   -7.556040e+001
+4.906408e+003	   -7.486002e+001
+4.918409e+003	   -7.413332e+001
+4.930410e+003	   -7.266443e+001
+4.942411e+003	   -7.171538e+001
+4.954412e+003	   -7.055460e+001
+4.966413e+003	   -7.036691e+001
+4.978414e+003	   -7.060207e+001
+4.990415e+003	   -7.137719e+001
+5.002416e+003	   -7.004630e+001
+5.014417e+003	   -7.104005e+001
+5.026418e+003	   -7.172839e+001
+5.038419e+003	   -7.161917e+001
+5.050420e+003	   -7.339056e+001
+5.062421e+003	   -7.274626e+001
+5.074422e+003	   -8.055885e+001
+5.086423e+003	   -8.114969e+001
+5.098424e+003	   -8.293162e+001
+5.110425e+003	   -9.012077e+001
+5.122426e+003	   -8.455385e+001
+5.134427e+003	   -7.548418e+001
+5.146428e+003	   -7.420360e+001
+5.158429e+003	   -7.115797e+001
+5.170430e+003	   -7.098032e+001
+5.182431e+003	   -6.969404e+001
+5.194432e+003	   -6.913929e+001
+5.206433e+003	   -6.880609e+001
+5.218434e+003	   -6.938846e+001
+5.230435e+003	   -6.982855e+001
+5.242436e+003	   -6.975613e+001
+5.254437e+003	   -7.119347e+001
+5.266438e+003	   -7.273764e+001
+5.278439e+003	   -7.353478e+001
+5.290440e+003	   -7.537321e+001
+5.302441e+003	   -7.785913e+001
+5.314442e+003	   -7.926086e+001
+5.326443e+003	   -8.019933e+001
+5.338444e+003	   -8.381570e+001
+5.350445e+003	   -7.979900e+001
+5.362446e+003	   -8.015449e+001
+5.374447e+003	   -7.801748e+001
+5.386448e+003	   -7.553363e+001
+5.398449e+003	   -7.252207e+001
+5.410450e+003	   -7.142651e+001
+5.422451e+003	   -7.148975e+001
+5.434452e+003	   -6.971183e+001
+5.446453e+003	   -6.854317e+001
+5.458454e+003	   -6.848005e+001
+5.470455e+003	   -6.844539e+001
+5.482456e+003	   -6.849046e+001
+5.494457e+003	   -6.924416e+001
+5.506458e+003	   -7.063603e+001
+5.518459e+003	   -7.219833e+001
+5.530460e+003	   -7.356580e+001
+5.542461e+003	   -7.627789e+001
+5.554462e+003	   -7.986309e+001
+5.566463e+003	   -8.169447e+001
+5.578464e+003	   -9.351080e+001
+5.590465e+003	   -9.640347e+001
+5.602466e+003	   -8.592986e+001
+5.614467e+003	   -8.940329e+001
+5.626468e+003	   -9.559415e+001
+5.638469e+003	   -9.687592e+001
+5.650470e+003	   -8.672244e+001
+5.662471e+003	   -7.994487e+001
+5.674472e+003	   -7.747829e+001
+5.686473e+003	   -7.571340e+001
+5.698474e+003	   -7.617669e+001
+5.710475e+003	   -7.427931e+001
+5.722476e+003	   -7.333920e+001
+5.734477e+003	   -7.394996e+001
+5.746478e+003	   -7.466608e+001
+5.758479e+003	   -7.637719e+001
+5.770480e+003	   -8.015527e+001
+5.782481e+003	   -8.940596e+001
+5.794482e+003	   -9.203872e+001
+5.806483e+003	   -8.249135e+001
+5.818484e+003	   -7.732450e+001
+5.830485e+003	   -7.416761e+001
+5.842486e+003	   -7.341862e+001
+5.854487e+003	   -7.172521e+001
+5.866488e+003	   -7.162051e+001
+5.878489e+003	   -7.132127e+001
+5.890490e+003	   -7.137542e+001
+5.902491e+003	   -7.181712e+001
+5.914492e+003	   -7.316663e+001
+5.926493e+003	   -7.403818e+001
+5.938494e+003	   -7.510664e+001
+5.950495e+003	   -7.721358e+001
+5.962496e+003	   -8.099613e+001
+5.974497e+003	   -8.346355e+001
+5.986498e+003	   -8.572493e+001
+5.998499e+003	   -9.045245e+001
+6.010500e+003	   -8.751087e+001
+6.022501e+003	   -9.405949e+001
+6.034502e+003	   -9.473891e+001
+6.046503e+003	   -9.072040e+001
+6.058504e+003	   -8.765986e+001
+6.070505e+003	   -8.765161e+001
+6.082506e+003	   -8.682245e+001
+6.094507e+003	   -8.991849e+001
+6.106508e+003	   -8.610677e+001
+6.118509e+003	   -8.293362e+001
+6.130510e+003	   -8.443731e+001
+6.142511e+003	   -8.755380e+001
+6.154512e+003	   -9.073073e+001
+6.166513e+003	   -9.213274e+001
+6.178514e+003	   -8.898279e+001
+6.190515e+003	   -8.973112e+001
+6.202516e+003	   -7.891708e+001
+6.214517e+003	   -7.745564e+001
+6.226518e+003	   -7.630995e+001
+6.238519e+003	   -7.402190e+001
+6.250520e+003	   -7.246338e+001
+6.262521e+003	   -7.149996e+001
+6.274522e+003	   -7.012120e+001
+6.286523e+003	   -7.024726e+001
+6.298524e+003	   -7.086465e+001
+6.310525e+003	   -6.967283e+001
+6.322526e+003	   -6.906113e+001
+6.334527e+003	   -7.557507e+001
+6.346528e+003	   -7.424455e+001
+6.358529e+003	   -8.101744e+001
+6.370530e+003	   -7.731145e+001
+6.382531e+003	   -8.437691e+001
+6.394532e+003	   -8.849748e+001
+6.406533e+003	   -8.016326e+001
+6.418534e+003	   -7.539148e+001
+6.430535e+003	   -7.428584e+001
+6.442536e+003	   -7.272913e+001
+6.454537e+003	   -7.205116e+001
+6.466538e+003	   -7.289628e+001
+6.478539e+003	   -7.328917e+001
+6.490540e+003	   -7.458355e+001
+6.502542e+003	   -7.831525e+001
+6.514542e+003	   -8.505474e+001
+6.526543e+003	   -9.567837e+001
+6.538544e+003	   -8.397095e+001
+6.550545e+003	   -7.741296e+001
+6.562546e+003	   -7.446542e+001
+6.574547e+003	   -7.356440e+001
+6.586548e+003	   -7.220869e+001
+6.598549e+003	   -7.183646e+001
+6.610550e+003	   -7.105415e+001
+6.622551e+003	   -7.158551e+001
+6.634552e+003	   -7.171284e+001
+6.646553e+003	   -7.335177e+001
+6.658554e+003	   -7.399800e+001
+6.670555e+003	   -7.470286e+001
+6.682556e+003	   -7.739395e+001
+6.694557e+003	   -7.826375e+001
+6.706558e+003	   -7.981419e+001
+6.718559e+003	   -8.217004e+001
+6.730560e+003	   -8.181747e+001
+6.742562e+003	   -7.893680e+001
+6.754563e+003	   -7.668480e+001
+6.766563e+003	   -7.534008e+001
+6.778564e+003	   -7.486888e+001
+6.790565e+003	   -7.430245e+001
+6.802566e+003	   -7.265039e+001
+6.814567e+003	   -7.277980e+001
+6.826568e+003	   -7.489138e+001
+6.838569e+003	   -7.650554e+001
+6.850570e+003	   -7.839506e+001
+6.862571e+003	   -8.627541e+001
+6.874572e+003	   -8.243873e+001
+6.886573e+003	   -7.816801e+001
+6.898574e+003	   -7.389278e+001
+6.910575e+003	   -7.080647e+001
+6.922576e+003	   -6.833953e+001
+6.934577e+003	   -6.713605e+001
+6.946578e+003	   -6.602295e+001
+6.958579e+003	   -6.504165e+001
+6.970580e+003	   -6.485798e+001
+6.982581e+003	   -6.525587e+001
+6.994583e+003	   -6.578777e+001
+7.006583e+003	   -6.647967e+001
+7.018584e+003	   -6.737165e+001
+7.030585e+003	   -6.862076e+001
+7.042586e+003	   -7.158498e+001
+7.054587e+003	   -7.502507e+001
+7.066588e+003	   -7.961784e+001
+7.078589e+003	   -8.660674e+001
+7.090590e+003	   -9.345954e+001
+7.102591e+003	   -8.332887e+001
+7.114592e+003	   -8.059292e+001
+7.126593e+003	   -7.845414e+001
+7.138594e+003	   -8.086934e+001
+7.150595e+003	   -8.159439e+001
+7.162596e+003	   -8.653266e+001
+7.174597e+003	   -8.975423e+001
+7.186598e+003	   -8.527783e+001
+7.198599e+003	   -8.202910e+001
+7.210600e+003	   -7.693597e+001
+7.222601e+003	   -7.403723e+001
+7.234603e+003	   -7.211642e+001
+7.246604e+003	   -7.141786e+001
+7.258604e+003	   -7.050898e+001
+7.270605e+003	   -6.929805e+001
+7.282606e+003	   -6.925398e+001
+7.294607e+003	   -7.007813e+001
+7.306608e+003	   -6.969984e+001
+7.318609e+003	   -7.076193e+001
+7.330610e+003	   -7.070242e+001
+7.342611e+003	   -7.261188e+001
+7.354612e+003	   -7.396179e+001
+7.366613e+003	   -7.590121e+001
+7.378614e+003	   -8.539785e+001
+7.390615e+003	   -9.766290e+001
+7.402616e+003	   -9.482896e+001
+7.414617e+003	   -8.220219e+001
+7.426618e+003	   -7.716835e+001
+7.438619e+003	   -7.445997e+001
+7.450620e+003	   -7.362583e+001
+7.462621e+003	   -7.368617e+001
+7.474622e+003	   -7.350430e+001
+7.486624e+003	   -7.471401e+001
+7.498625e+003	   -7.603818e+001
+7.510625e+003	   -7.744579e+001
+7.522626e+003	   -8.152385e+001
+7.534627e+003	   -1.000200e+002
+7.546628e+003	   -9.771348e+001
+7.558629e+003	   -8.292387e+001
+7.570630e+003	   -7.731585e+001
+7.582631e+003	   -7.401157e+001
+7.594632e+003	   -7.310629e+001
+7.606633e+003	   -7.322952e+001
+7.618634e+003	   -7.398667e+001
+7.630635e+003	   -7.367046e+001
+7.642636e+003	   -7.551392e+001
+7.654637e+003	   -7.728413e+001
+7.666638e+003	   -8.112472e+001
+7.678639e+003	   -8.817194e+001
+7.690640e+003	   -8.681916e+001
+7.702641e+003	   -9.056427e+001
+7.714642e+003	   -8.347319e+001
+7.726644e+003	   -8.155563e+001
+7.738645e+003	   -7.855376e+001
+7.750646e+003	   -8.267448e+001
+7.762646e+003	   -8.174470e+001
+7.774647e+003	   -8.597787e+001
+7.786648e+003	   -1.089617e+002
+7.798649e+003	   -9.076023e+001
+7.810650e+003	   -7.874760e+001
+7.822651e+003	   -7.612183e+001
+7.834652e+003	   -7.593907e+001
+7.846653e+003	   -7.356684e+001
+7.858654e+003	   -7.268304e+001
+7.870655e+003	   -7.204095e+001
+7.882656e+003	   -7.230558e+001
+7.894657e+003	   -7.232137e+001
+7.906658e+003	   -7.303232e+001
+7.918659e+003	   -7.481384e+001
+7.930660e+003	   -7.808662e+001
+7.942661e+003	   -7.920838e+001
+7.954662e+003	   -8.474249e+001
+7.966664e+003	   -9.270177e+001
+7.978665e+003	   -9.715791e+001
+7.990666e+003	   -8.437068e+001
+8.002667e+003	   -8.564868e+001
+8.014667e+003	   -8.015794e+001
+8.026668e+003	   -8.022636e+001
+8.038669e+003	   -7.898443e+001
+8.050670e+003	   -7.939866e+001
+8.062671e+003	   -7.933137e+001
+8.074672e+003	   -7.937074e+001
+8.086673e+003	   -7.925648e+001
+8.098674e+003	   -8.064390e+001
+8.110675e+003	   -8.175367e+001
+8.122676e+003	   -8.026207e+001
+8.134677e+003	   -8.175050e+001
+8.146678e+003	   -8.136376e+001
+8.158679e+003	   -8.289959e+001
+8.170680e+003	   -8.497358e+001
+8.182681e+003	   -9.254771e+001
+8.194683e+003	   -9.767885e+001
+8.206684e+003	   -9.068404e+001
+8.218685e+003	   -8.452007e+001
+8.230686e+003	   -8.084787e+001
+8.242687e+003	   -7.755033e+001
+8.254688e+003	   -7.722672e+001
+8.266688e+003	   -7.589327e+001
+8.278689e+003	   -7.632172e+001
+8.290690e+003	   -7.623309e+001
+8.302691e+003	   -7.817388e+001
+8.314692e+003	   -8.141127e+001
+8.326693e+003	   -8.953006e+001
+8.338694e+003	   -8.952164e+001
+8.350695e+003	   -7.848038e+001
+8.362696e+003	   -7.640117e+001
+8.374697e+003	   -7.303493e+001
+8.386698e+003	   -7.105387e+001
+8.398699e+003	   -6.886145e+001
+8.410700e+003	   -6.882773e+001
+8.422701e+003	   -6.839819e+001
+8.434702e+003	   -6.878733e+001
+8.446703e+003	   -6.961569e+001
+8.458704e+003	   -7.039162e+001
+8.470705e+003	   -7.365294e+001
+8.482706e+003	   -7.635111e+001
+8.494707e+003	   -8.610760e+001
+8.506708e+003	   -8.539832e+001
+8.518709e+003	   -7.737735e+001
+8.530710e+003	   -7.425192e+001
+8.542711e+003	   -7.112782e+001
+8.554712e+003	   -6.971838e+001
+8.566713e+003	   -6.942126e+001
+8.578715e+003	   -6.906535e+001
+8.590716e+003	   -6.950082e+001
+8.602717e+003	   -6.983793e+001
+8.614718e+003	   -7.104160e+001
+8.626719e+003	   -7.199644e+001
+8.638720e+003	   -7.294316e+001
+8.650721e+003	   -7.464120e+001
+8.662722e+003	   -7.562507e+001
+8.674723e+003	   -7.756194e+001
+8.686724e+003	   -7.645484e+001
+8.698725e+003	   -7.628699e+001
+8.710726e+003	   -7.559969e+001
+8.722727e+003	   -7.506641e+001
+8.734728e+003	   -7.469687e+001
+8.746729e+003	   -7.460285e+001
+8.758729e+003	   -7.344001e+001
+8.770730e+003	   -7.338377e+001
+8.782731e+003	   -7.367583e+001
+8.794732e+003	   -7.489783e+001
+8.806733e+003	   -7.739452e+001
+8.818734e+003	   -8.368792e+001
+8.830735e+003	   -9.752793e+001
+8.842736e+003	   -8.583587e+001
+8.854737e+003	   -7.871331e+001
+8.866738e+003	   -7.441172e+001
+8.878739e+003	   -7.246930e+001
+8.890740e+003	   -7.106258e+001
+8.902741e+003	   -7.024693e+001
+8.914742e+003	   -7.051657e+001
+8.926743e+003	   -7.118263e+001
+8.938744e+003	   -7.242028e+001
+8.950745e+003	   -7.361240e+001
+8.962746e+003	   -7.617711e+001
+8.974747e+003	   -8.262559e+001
+8.986748e+003	   -8.513825e+001
+8.998749e+003	   -9.064667e+001
+9.010750e+003	   -8.747011e+001
+9.022751e+003	   -8.494510e+001
+9.034752e+003	   -8.273419e+001
+9.046753e+003	   -8.438894e+001
+9.058754e+003	   -9.094874e+001
+9.070756e+003	   -9.409976e+001
+9.082757e+003	   -8.477224e+001
+9.094758e+003	   -8.067278e+001
+9.106759e+003	   -7.650341e+001
+9.118760e+003	   -7.503597e+001
+9.130761e+003	   -7.488764e+001
+9.142762e+003	   -7.410300e+001
+9.154763e+003	   -7.510702e+001
+9.166764e+003	   -7.504744e+001
+9.178765e+003	   -8.027969e+001
+9.190766e+003	   -9.243602e+001
+9.202767e+003	   -9.095112e+001
+9.214768e+003	   -8.202234e+001
+9.226769e+003	   -7.750702e+001
+9.238770e+003	   -7.500438e+001
+9.250771e+003	   -7.315582e+001
+9.262771e+003	   -7.255295e+001
+9.274772e+003	   -7.217616e+001
+9.286773e+003	   -7.304202e+001
+9.298774e+003	   -7.554669e+001
+9.310775e+003	   -7.886729e+001
+9.322776e+003	   -8.858371e+001
+9.334777e+003	   -9.048989e+001
+9.346778e+003	   -8.066541e+001
+9.358779e+003	   -7.651276e+001
+9.370780e+003	   -7.406451e+001
+9.382781e+003	   -7.286012e+001
+9.394782e+003	   -7.219284e+001
+9.406783e+003	   -7.303844e+001
+9.418784e+003	   -7.396399e+001
+9.430785e+003	   -7.470258e+001
+9.442786e+003	   -7.758064e+001
+9.454787e+003	   -8.086338e+001
+9.466788e+003	   -8.151480e+001
+9.478789e+003	   -8.682417e+001
+9.490790e+003	   -9.368153e+001
+9.502791e+003	   -8.360911e+001
+9.514792e+003	   -8.776194e+001
+9.526793e+003	   -8.352373e+001
+9.538794e+003	   -7.591711e+001
+9.550795e+003	   -7.425585e+001
+9.562797e+003	   -7.266389e+001
+9.574798e+003	   -7.100503e+001
+9.586799e+003	   -6.992844e+001
+9.598800e+003	   -6.903937e+001
+9.610801e+003	   -6.909481e+001
+9.622802e+003	   -7.012162e+001
+9.634803e+003	   -7.222493e+001
+9.646804e+003	   -7.670496e+001
+9.658805e+003	   -8.811840e+001
+9.670806e+003	   -8.077526e+001
+9.682807e+003	   -7.247219e+001
+9.694808e+003	   -6.803659e+001
+9.706809e+003	   -6.556335e+001
+9.718810e+003	   -6.340420e+001
+9.730811e+003	   -6.207504e+001
+9.742812e+003	   -6.114836e+001
+9.754813e+003	   -6.077601e+001
+9.766813e+003	   -6.046938e+001
+9.778814e+003	   -6.061611e+001
+9.790815e+003	   -6.109776e+001
+9.802816e+003	   -6.194426e+001
+9.814817e+003	   -6.338965e+001
+9.826818e+003	   -6.489787e+001
+9.838819e+003	   -6.698365e+001
+9.850820e+003	   -6.946358e+001
+9.862821e+003	   -7.293566e+001
+9.874822e+003	   -7.928851e+001
+9.886823e+003	   -9.569847e+001
+9.898824e+003	   -8.369942e+001
+9.910825e+003	   -7.915399e+001
+9.922826e+003	   -7.634620e+001
+9.934827e+003	   -7.569362e+001
+9.946828e+003	   -7.494965e+001
+9.958829e+003	   -7.578102e+001
+9.970830e+003	   -7.730759e+001
+9.982831e+003	   -7.978467e+001
+9.994832e+003	   -8.129109e+001
+1.000683e+004	   -8.228295e+001
+1.001883e+004	   -8.268159e+001
+1.003083e+004	   -8.355978e+001
+1.004284e+004	   -8.711351e+001
+1.005484e+004	   -8.331481e+001
+1.006684e+004	   -8.651968e+001
+1.007884e+004	   -8.761707e+001
+1.009084e+004	   -9.177160e+001
+1.010284e+004	   -8.659619e+001
+1.011484e+004	   -9.115776e+001
+1.012684e+004	   -8.212818e+001
+1.013884e+004	   -8.557813e+001
+1.015085e+004	   -7.642952e+001
+1.016285e+004	   -7.586258e+001
+1.017485e+004	   -8.677183e+001
+1.018685e+004	   -7.717843e+001
+1.019885e+004	   -7.702261e+001
+1.021085e+004	   -7.533910e+001
+1.022285e+004	   -7.541637e+001
+1.023485e+004	   -7.596826e+001
+1.024685e+004	   -7.689120e+001
+1.025885e+004	   -8.098611e+001
+1.027086e+004	   -8.606799e+001
+1.028286e+004	   -9.469990e+001
+1.029486e+004	   -8.674197e+001
+1.030686e+004	   -7.975027e+001
+1.031886e+004	   -7.762920e+001
+1.033086e+004	   -7.697990e+001
+1.034286e+004	   -7.535462e+001
+1.035486e+004	   -7.608740e+001
+1.036686e+004	   -7.677174e+001
+1.037886e+004	   -7.949065e+001
+1.039087e+004	   -8.844895e+001
+1.040287e+004	   -9.113849e+001
+1.041487e+004	   -8.041286e+001
+1.042687e+004	   -7.472569e+001
+1.043887e+004	   -7.216525e+001
+1.045087e+004	   -6.975671e+001
+1.046287e+004	   -6.794197e+001
+1.047487e+004	   -6.693737e+001
+1.048687e+004	   -6.606266e+001
+1.049887e+004	   -6.584821e+001
+1.051088e+004	   -6.566377e+001
+1.052288e+004	   -6.556182e+001
+1.053488e+004	   -6.599361e+001
+1.054688e+004	   -6.613988e+001
+1.055888e+004	   -6.709088e+001
+1.057088e+004	   -6.829237e+001
+1.058288e+004	   -6.858213e+001
+1.059488e+004	   -7.041753e+001
+1.060688e+004	   -7.208936e+001
+1.061888e+004	   -7.407784e+001
+1.063089e+004	   -7.604923e+001
+1.064289e+004	   -7.786969e+001
+1.065489e+004	   -8.012287e+001
+1.066689e+004	   -8.397053e+001
+1.067889e+004	   -8.592077e+001
+1.069089e+004	   -9.378180e+001
+1.070289e+004	   -9.299721e+001
+1.071489e+004	   -8.932782e+001
+1.072689e+004	   -9.131963e+001
+1.073889e+004	   -8.614348e+001
+1.075090e+004	   -8.246953e+001
+1.076290e+004	   -7.891122e+001
+1.077490e+004	   -7.898026e+001
+1.078690e+004	   -7.612555e+001
+1.079890e+004	   -7.414658e+001
+1.081090e+004	   -7.280182e+001
+1.082290e+004	   -7.136707e+001
+1.083490e+004	   -7.131978e+001
+1.084690e+004	   -7.057030e+001
+1.085890e+004	   -6.965987e+001
+1.087091e+004	   -6.939893e+001
+1.088291e+004	   -6.904447e+001
+1.089491e+004	   -6.945757e+001
+1.090691e+004	   -7.051489e+001
+1.091891e+004	   -7.022093e+001
+1.093091e+004	   -7.096392e+001
+1.094291e+004	   -7.341218e+001
+1.095491e+004	   -7.586520e+001
+1.096691e+004	   -8.047314e+001
+1.097891e+004	   -8.695334e+001
+1.099092e+004	   -9.728363e+001
+1.100292e+004	   -8.284846e+001
+1.101492e+004	   -7.841933e+001
+1.102692e+004	   -7.687882e+001
+1.103892e+004	   -7.513079e+001
+1.105092e+004	   -7.436040e+001
+1.106292e+004	   -7.440820e+001
+1.107492e+004	   -7.531261e+001
+1.108692e+004	   -7.518291e+001
+1.109892e+004	   -7.637133e+001
+1.111093e+004	   -7.960054e+001
+1.112293e+004	   -8.276971e+001
+1.113493e+004	   -8.473363e+001
+1.114693e+004	   -9.015158e+001
+1.115893e+004	   -9.116401e+001
+1.117093e+004	   -9.761967e+001
+1.118293e+004	   -9.637964e+001
+1.119493e+004	   -9.788783e+001
+1.120693e+004	   -8.832771e+001
+1.121893e+004	   -8.302058e+001
+1.123094e+004	   -8.220663e+001
+1.124294e+004	   -7.915572e+001
+1.125494e+004	   -7.845408e+001
+1.126694e+004	   -7.531264e+001
+1.127894e+004	   -7.569370e+001
+1.129094e+004	   -7.465017e+001
+1.130294e+004	   -7.490853e+001
+1.131494e+004	   -7.525294e+001
+1.132694e+004	   -7.626859e+001
+1.133894e+004	   -8.035477e+001
+1.135095e+004	   -8.155709e+001
+1.136295e+004	   -9.723340e+001
+1.137495e+004	   -8.844636e+001
+1.138695e+004	   -8.515569e+001
+1.139895e+004	   -7.883818e+001
+1.141095e+004	   -7.758811e+001
+1.142295e+004	   -7.567316e+001
+1.143495e+004	   -7.460232e+001
+1.144695e+004	   -7.657441e+001
+1.145895e+004	   -7.548704e+001
+1.147096e+004	   -7.757901e+001
+1.148296e+004	   -8.002034e+001
+1.149496e+004	   -8.368354e+001
+1.150696e+004	   -9.035400e+001
+1.151896e+004	   -9.526459e+001
+1.153096e+004	   -9.011859e+001
+1.154296e+004	   -8.534268e+001
+1.155496e+004	   -8.249218e+001
+1.156696e+004	   -8.477022e+001
+1.157896e+004	   -9.311611e+001
+1.159097e+004	   -1.020221e+002
+1.160297e+004	   -8.348808e+001
+1.161497e+004	   -7.937433e+001
+1.162697e+004	   -7.566950e+001
+1.163897e+004	   -7.336394e+001
+1.165097e+004	   -7.130349e+001
+1.166297e+004	   -7.053292e+001
+1.167497e+004	   -7.011953e+001
+1.168697e+004	   -6.983627e+001
+1.169897e+004	   -7.059130e+001
+1.171098e+004	   -7.104009e+001
+1.172298e+004	   -7.318931e+001
+1.173498e+004	   -7.618272e+001
+1.174698e+004	   -8.045253e+001
+1.175898e+004	   -9.313301e+001
+1.177098e+004	   -8.432424e+001
+1.178298e+004	   -7.866563e+001
+1.179498e+004	   -7.521107e+001
+1.180698e+004	   -7.305230e+001
+1.181898e+004	   -7.286783e+001
+1.183099e+004	   -7.221699e+001
+1.184299e+004	   -7.321930e+001
+1.185499e+004	   -7.396012e+001
+1.186699e+004	   -7.554433e+001
+1.187899e+004	   -8.026025e+001
+1.189099e+004	   -9.073533e+001
+1.190299e+004	   -8.743530e+001
+1.191499e+004	   -7.976790e+001
+1.192699e+004	   -7.532471e+001
+1.193899e+004	   -7.283314e+001
+1.195100e+004	   -7.141702e+001
+1.196300e+004	   -7.068366e+001
+1.197500e+004	   -7.094265e+001
+1.198700e+004	   -7.039619e+001
+1.199900e+004	   -7.124857e+001
+1.201100e+004	   -7.201306e+001
+1.202300e+004	   -7.312951e+001
+1.203500e+004	   -7.619318e+001
+1.204700e+004	   -7.874603e+001
+1.205900e+004	   -8.528871e+001
+1.207101e+004	   -9.480333e+001
+1.208301e+004	   -8.693684e+001
+1.209501e+004	   -8.102699e+001
+1.210701e+004	   -7.753876e+001
+1.211901e+004	   -7.646097e+001
+1.213101e+004	   -7.563957e+001
+1.214301e+004	   -7.584981e+001
+1.215501e+004	   -7.534760e+001
+1.216701e+004	   -7.654878e+001
+1.217901e+004	   -7.706537e+001
+1.219102e+004	   -7.732899e+001
+1.220302e+004	   -7.966846e+001
+1.221502e+004	   -8.381314e+001
+1.222702e+004	   -8.556831e+001
+1.223902e+004	   -8.860127e+001
+1.225102e+004	   -9.949403e+001
+1.226302e+004	   -8.690130e+001
+1.227502e+004	   -9.747951e+001
+1.228702e+004	   -8.676380e+001
+1.229902e+004	   -8.377477e+001
+1.231103e+004	   -8.324255e+001
+1.232303e+004	   -8.163677e+001
+1.233503e+004	   -8.110799e+001
+1.234703e+004	   -8.242239e+001
+1.235903e+004	   -8.334873e+001
+1.237103e+004	   -8.521909e+001
+1.238303e+004	   -8.751174e+001
+1.239503e+004	   -8.987896e+001
+1.240703e+004	   -9.352449e+001
+1.241903e+004	   -9.786021e+001
+1.243104e+004	   -8.925878e+001
+1.244304e+004	   -8.509121e+001
+1.245504e+004	   -8.418256e+001
+1.246704e+004	   -8.163298e+001
+1.247904e+004	   -8.115838e+001
+1.249104e+004	   -8.029762e+001
+1.250304e+004	   -7.932887e+001
+1.251504e+004	   -7.865650e+001
+1.252704e+004	   -7.883628e+001
+1.253904e+004	   -7.941386e+001
+1.255105e+004	   -8.199567e+001
+1.256305e+004	   -7.974908e+001
+1.257505e+004	   -8.163374e+001
+1.258705e+004	   -8.123371e+001
+1.259905e+004	   -8.241468e+001
+1.261105e+004	   -8.392609e+001
+1.262305e+004	   -8.602774e+001
+1.263505e+004	   -8.482964e+001
+1.264705e+004	   -8.940110e+001
+1.265905e+004	   -8.469752e+001
+1.267106e+004	   -8.636140e+001
+1.268306e+004	   -8.481870e+001
+1.269506e+004	   -8.329389e+001
+1.270706e+004	   -8.227108e+001
+1.271906e+004	   -8.474227e+001
+1.273106e+004	   -8.064017e+001
+1.274306e+004	   -8.115171e+001
+1.275506e+004	   -8.206764e+001
+1.276706e+004	   -8.258069e+001
+1.277906e+004	   -8.088402e+001
+1.279107e+004	   -8.103551e+001
+1.280307e+004	   -8.391959e+001
+1.281507e+004	   -8.560794e+001
+1.282707e+004	   -8.440366e+001
+1.283907e+004	   -8.376888e+001
+1.285107e+004	   -8.595172e+001
+1.286307e+004	   -8.619416e+001
+1.287507e+004	   -8.512948e+001
+1.288707e+004	   -9.049429e+001
+1.289907e+004	   -8.450200e+001
+1.291108e+004	   -8.296749e+001
+1.292308e+004	   -8.420621e+001
+1.293508e+004	   -8.575037e+001
+1.294708e+004	   -8.403246e+001
+1.295908e+004	   -8.494080e+001
+1.297108e+004	   -8.634630e+001
+1.298308e+004	   -8.244946e+001
+1.299508e+004	   -8.263799e+001
+1.300708e+004	   -8.579350e+001
+1.301908e+004	   -8.254623e+001
+1.303109e+004	   -8.216814e+001
+1.304309e+004	   -8.276823e+001
+1.305509e+004	   -8.330041e+001
+1.306709e+004	   -8.442247e+001
+1.307909e+004	   -8.373631e+001
+1.309109e+004	   -8.949600e+001
+1.310309e+004	   -9.052460e+001
+1.311509e+004	   -9.775906e+001
+1.312709e+004	   -9.363235e+001
+1.313909e+004	   -9.258743e+001
+1.315110e+004	   -8.323427e+001
+1.316310e+004	   -8.764780e+001
+1.317510e+004	   -8.331956e+001
+1.318710e+004	   -8.838972e+001
+1.319910e+004	   -8.472504e+001
+1.321110e+004	   -8.565772e+001
+1.322310e+004	   -9.596347e+001
+1.323510e+004	   -8.830046e+001
+1.324710e+004	   -8.600696e+001
+1.325910e+004	   -8.022935e+001
+1.327111e+004	   -7.741703e+001
+1.328311e+004	   -7.418927e+001
+1.329511e+004	   -7.306353e+001
+1.330711e+004	   -7.188581e+001
+1.331911e+004	   -7.046343e+001
+1.333111e+004	   -7.041531e+001
+1.334311e+004	   -6.962782e+001
+1.335511e+004	   -7.057787e+001
+1.336711e+004	   -7.084780e+001
+1.337911e+004	   -7.177377e+001
+1.339112e+004	   -7.328500e+001
+1.340312e+004	   -7.422973e+001
+1.341512e+004	   -7.717918e+001
+1.342712e+004	   -7.840453e+001
+1.343912e+004	   -8.647846e+001
+1.345112e+004	   -9.195794e+001
+1.346312e+004	   -9.663001e+001
+1.347512e+004	   -9.123612e+001
+1.348712e+004	   -8.952721e+001
+1.349913e+004	   -9.578395e+001
+1.351113e+004	   -9.844112e+001
+1.352313e+004	   -8.693669e+001
+1.353513e+004	   -8.086313e+001
+1.354713e+004	   -7.777852e+001
+1.355913e+004	   -7.643405e+001
+1.357113e+004	   -7.505997e+001
+1.358313e+004	   -7.451834e+001
+1.359513e+004	   -7.313007e+001
+1.360713e+004	   -7.352077e+001
+1.361913e+004	   -7.419492e+001
+1.363114e+004	   -7.678880e+001
+1.364314e+004	   -7.918655e+001
+1.365514e+004	   -8.444984e+001
+1.366714e+004	   -9.813895e+001
+1.367914e+004	   -8.503460e+001
+1.369114e+004	   -7.786663e+001
+1.370314e+004	   -7.536801e+001
+1.371514e+004	   -7.238906e+001
+1.372714e+004	   -7.141766e+001
+1.373914e+004	   -7.122898e+001
+1.375115e+004	   -7.076663e+001
+1.376315e+004	   -7.125468e+001
+1.377515e+004	   -7.193168e+001
+1.378715e+004	   -7.299648e+001
+1.379915e+004	   -7.506333e+001
+1.381115e+004	   -7.698967e+001
+1.382315e+004	   -8.067690e+001
+1.383515e+004	   -8.523980e+001
+1.384715e+004	   -9.224659e+001
+1.385915e+004	   -9.544575e+001
+1.387116e+004	   -8.793113e+001
+1.388316e+004	   -8.545898e+001
+1.389516e+004	   -8.492813e+001
+1.390716e+004	   -8.178090e+001
+1.391916e+004	   -8.422481e+001
+1.393116e+004	   -8.618400e+001
+1.394316e+004	   -8.701653e+001
+1.395516e+004	   -8.626669e+001
+1.396716e+004	   -8.790941e+001
+1.397917e+004	   -8.718837e+001
+1.399117e+004	   -9.069138e+001
+1.400317e+004	   -9.469490e+001
+1.401517e+004	   -8.954855e+001
+1.402717e+004	   -8.872952e+001
+1.403917e+004	   -8.838213e+001
+1.405117e+004	   -8.842870e+001
+1.406317e+004	   -8.745010e+001
+1.407517e+004	   -8.969923e+001
+1.408717e+004	   -9.395573e+001
+1.409917e+004	   -9.178501e+001
+1.411118e+004	   -9.783292e+001
+1.412318e+004	   -9.046157e+001
+1.413518e+004	   -9.429620e+001
+1.414718e+004	   -8.442262e+001
+1.415918e+004	   -8.588239e+001
+1.417118e+004	   -8.587636e+001
+1.418318e+004	   -8.533685e+001
+1.419518e+004	   -9.532709e+001
+1.420718e+004	   -9.577127e+001
+1.421918e+004	   -8.515128e+001
+1.423119e+004	   -7.893607e+001
+1.424319e+004	   -7.627128e+001
+1.425519e+004	   -7.340399e+001
+1.426719e+004	   -7.272670e+001
+1.427919e+004	   -7.093564e+001
+1.429119e+004	   -7.008747e+001
+1.430319e+004	   -6.985275e+001
+1.431519e+004	   -6.906669e+001
+1.432719e+004	   -7.002236e+001
+1.433919e+004	   -7.044792e+001
+1.435120e+004	   -7.128883e+001
+1.436320e+004	   -7.330241e+001
+1.437520e+004	   -7.536751e+001
+1.438720e+004	   -7.724323e+001
+1.439920e+004	   -8.477428e+001
+1.441120e+004	   -9.403619e+001
+1.442320e+004	   -8.906586e+001
+1.443520e+004	   -8.194952e+001
+1.444720e+004	   -8.137212e+001
+1.445921e+004	   -7.841911e+001
+1.447121e+004	   -7.972314e+001
+1.448321e+004	   -7.891100e+001
+1.449521e+004	   -7.980128e+001
+1.450721e+004	   -8.130984e+001
+1.451921e+004	   -8.833829e+001
+1.453121e+004	   -9.217401e+001
+1.454321e+004	   -9.699148e+001
+1.455521e+004	   -9.575758e+001
+1.456721e+004	   -9.399394e+001
+1.457921e+004	   -8.725285e+001
+1.459122e+004	   -8.997964e+001
+1.460322e+004	   -9.377076e+001
+1.461522e+004	   -9.357879e+001
+1.462722e+004	   -1.071971e+002
+1.463922e+004	   -9.132621e+001
+1.465122e+004	   -8.927355e+001
+1.466322e+004	   -8.508680e+001
+1.467522e+004	   -8.293987e+001
+1.468722e+004	   -8.050884e+001
+1.469922e+004	   -8.174342e+001
+1.471123e+004	   -7.874485e+001
+1.472323e+004	   -7.848810e+001
+1.473523e+004	   -7.919602e+001
+1.474723e+004	   -7.672094e+001
+1.475923e+004	   -7.628676e+001
+1.477123e+004	   -7.548100e+001
+1.478323e+004	   -7.447633e+001
+1.479523e+004	   -7.349927e+001
+1.480723e+004	   -7.213385e+001
+1.481923e+004	   -7.162695e+001
+1.483124e+004	   -7.135106e+001
+1.484324e+004	   -7.106390e+001
+1.485524e+004	   -7.084562e+001
+1.486724e+004	   -7.077387e+001
+1.487924e+004	   -7.130408e+001
+1.489124e+004	   -7.183156e+001
+1.490324e+004	   -7.373285e+001
+1.491524e+004	   -7.565352e+001
+1.492724e+004	   -7.880962e+001
+1.493924e+004	   -8.315358e+001
+1.495125e+004	   -9.011766e+001
+1.496325e+004	   -8.943339e+001
+1.497525e+004	   -8.155953e+001
+1.498725e+004	   -7.844763e+001
+1.499925e+004	   -7.791624e+001
+1.501125e+004	   -7.709293e+001
+1.502325e+004	   -7.716260e+001
+1.503525e+004	   -7.996085e+001
+1.504725e+004	   -8.171697e+001
+1.505925e+004	   -8.794644e+001
+1.507126e+004	   -8.991299e+001
+1.508326e+004	   -8.720538e+001
+1.509526e+004	   -7.983304e+001
+1.510726e+004	   -7.648721e+001
+1.511926e+004	   -7.507407e+001
+1.513126e+004	   -7.366044e+001
+1.514326e+004	   -7.321454e+001
+1.515526e+004	   -7.375051e+001
+1.516726e+004	   -7.424042e+001
+1.517926e+004	   -7.674284e+001
+1.519127e+004	   -7.897507e+001
+1.520327e+004	   -8.116319e+001
+1.521527e+004	   -8.809488e+001
+1.522727e+004	   -9.488224e+001
+1.523927e+004	   -9.275378e+001
+1.525127e+004	   -8.730843e+001
+1.526327e+004	   -8.415380e+001
+1.527527e+004	   -8.606362e+001
+1.528727e+004	   -8.713480e+001
+1.529927e+004	   -9.327159e+001
+1.531128e+004	   -9.753806e+001
+1.532328e+004	   -9.663389e+001
+1.533528e+004	   -8.569514e+001
+1.534728e+004	   -8.206073e+001
+1.535928e+004	   -8.158588e+001
+1.537128e+004	   -8.152956e+001
+1.538328e+004	   -8.271512e+001
+1.539528e+004	   -8.512338e+001
+1.540728e+004	   -9.124876e+001
+1.541928e+004	   -9.242299e+001
+1.543129e+004	   -9.621088e+001
+1.544329e+004	   -8.612283e+001
+1.545529e+004	   -8.064212e+001
+1.546729e+004	   -7.851349e+001
+1.547929e+004	   -7.675249e+001
+1.549129e+004	   -7.588752e+001
+1.550329e+004	   -7.606645e+001
+1.551529e+004	   -7.616589e+001
+1.552729e+004	   -7.789932e+001
+1.553929e+004	   -7.959045e+001
+1.555130e+004	   -8.258417e+001
+1.556330e+004	   -8.508769e+001
+1.557530e+004	   -9.513950e+001
+1.558730e+004	   -9.385258e+001
+1.559930e+004	   -8.542638e+001
+1.561130e+004	   -8.559365e+001
+1.562330e+004	   -8.344794e+001
+1.563530e+004	   -8.666611e+001
+1.564730e+004	   -9.346426e+001
+1.565930e+004	   -8.974246e+001
+1.567131e+004	   -8.292213e+001
+1.568331e+004	   -7.809919e+001
+1.569531e+004	   -7.508949e+001
+1.570731e+004	   -7.372569e+001
+1.571931e+004	   -7.105352e+001
+1.573131e+004	   -7.051650e+001
+1.574331e+004	   -6.966283e+001
+1.575531e+004	   -6.911340e+001
+1.576731e+004	   -6.936482e+001
+1.577931e+004	   -6.902363e+001
+1.579132e+004	   -6.950053e+001
+1.580332e+004	   -7.055311e+001
+1.581532e+004	   -7.147432e+001
+1.582732e+004	   -7.293267e+001
+1.583932e+004	   -7.459805e+001
+1.585132e+004	   -7.752242e+001
+1.586332e+004	   -8.110228e+001
+1.587532e+004	   -8.644688e+001
+1.588732e+004	   -1.059718e+002
+1.589932e+004	   -8.681629e+001
+1.591133e+004	   -8.170780e+001
+1.592333e+004	   -7.826776e+001
+1.593533e+004	   -7.680299e+001
+1.594733e+004	   -7.537071e+001
+1.595933e+004	   -7.387457e+001
+1.597133e+004	   -7.333932e+001
+1.598333e+004	   -7.263286e+001
+1.599533e+004	   -7.289041e+001
+1.600733e+004	   -7.234192e+001
+1.601933e+004	   -7.266471e+001
+1.603134e+004	   -7.264597e+001
+1.604334e+004	   -7.321385e+001
+1.605534e+004	   -7.447162e+001
+1.606734e+004	   -7.767596e+001
+1.607934e+004	   -7.947897e+001
+1.609134e+004	   -8.346322e+001
+1.610334e+004	   -1.006751e+002
+1.611534e+004	   -8.924295e+001
+1.612734e+004	   -8.239412e+001
+1.613934e+004	   -8.140225e+001
+1.615135e+004	   -7.872770e+001
+1.616335e+004	   -7.777990e+001
+1.617535e+004	   -7.795763e+001
+1.618735e+004	   -7.962118e+001
+1.619935e+004	   -8.175124e+001
+1.621135e+004	   -8.880640e+001
+1.622335e+004	   -1.169988e+002
+1.623535e+004	   -8.666544e+001
+1.624735e+004	   -8.006436e+001
+1.625935e+004	   -7.721917e+001
+1.627136e+004	   -7.503911e+001
+1.628336e+004	   -7.443713e+001
+1.629536e+004	   -7.421164e+001
+1.630736e+004	   -7.495299e+001
+1.631936e+004	   -7.378224e+001
+1.633136e+004	   -7.587801e+001
+1.634336e+004	   -7.973384e+001
+1.635536e+004	   -8.432014e+001
+1.636736e+004	   -9.877680e+001
+1.637936e+004	   -9.140739e+001
+1.639137e+004	   -8.162658e+001
+1.640337e+004	   -7.780882e+001
+1.641537e+004	   -7.694368e+001
+1.642737e+004	   -7.534830e+001
+1.643937e+004	   -7.456090e+001
+1.645137e+004	   -7.521397e+001
+1.646337e+004	   -7.626920e+001
+1.647537e+004	   -7.832423e+001
+1.648737e+004	   -8.220969e+001
+1.649938e+004	   -8.777011e+001
+1.651138e+004	   -8.918501e+001
+1.652338e+004	   -8.296302e+001
+1.653538e+004	   -7.884901e+001
+1.654738e+004	   -7.554969e+001
+1.655938e+004	   -7.555113e+001
+1.657138e+004	   -7.468749e+001
+1.658338e+004	   -7.499146e+001
+1.659538e+004	   -7.553934e+001
+1.660738e+004	   -7.602061e+001
+1.661938e+004	   -7.743491e+001
+1.663138e+004	   -8.126115e+001
+1.664339e+004	   -8.615241e+001
+1.665539e+004	   -9.675903e+001
+1.666739e+004	   -9.637458e+001
+1.667939e+004	   -8.639979e+001
+1.669139e+004	   -8.407270e+001
+1.670339e+004	   -8.278221e+001
+1.671539e+004	   -8.633079e+001
+1.672739e+004	   -8.701808e+001
+1.673939e+004	   -8.632144e+001
+1.675140e+004	   -9.083299e+001
+1.676340e+004	   -9.308707e+001
+1.677540e+004	   -8.727031e+001
+1.678740e+004	   -7.977600e+001
+1.679940e+004	   -7.854058e+001
+1.681140e+004	   -7.659870e+001
+1.682340e+004	   -7.514693e+001
+1.683540e+004	   -7.369107e+001
+1.684740e+004	   -7.301712e+001
+1.685940e+004	   -7.285147e+001
+1.687141e+004	   -7.276406e+001
+1.688341e+004	   -7.252649e+001
+1.689541e+004	   -7.219449e+001
+1.690741e+004	   -7.274880e+001
+1.691941e+004	   -7.261502e+001
+1.693141e+004	   -7.285890e+001
+1.694341e+004	   -7.328371e+001
+1.695541e+004	   -7.387209e+001
+1.696741e+004	   -7.298920e+001
+1.697941e+004	   -7.307695e+001
+1.699142e+004	   -7.319637e+001
+1.700342e+004	   -7.326492e+001
+1.701542e+004	   -7.298818e+001
+1.702742e+004	   -7.325054e+001
+1.703942e+004	   -7.348489e+001
+1.705142e+004	   -7.412626e+001
+1.706342e+004	   -7.378960e+001
+1.707542e+004	   -7.462355e+001
+1.708742e+004	   -7.564880e+001
+1.709942e+004	   -7.596645e+001
+1.711143e+004	   -7.732597e+001
+1.712343e+004	   -7.821188e+001
+1.713543e+004	   -7.941347e+001
+1.714743e+004	   -8.278349e+001
+1.715943e+004	   -9.300192e+001
+1.717143e+004	   -9.928072e+001
+1.718343e+004	   -8.909394e+001
+1.719543e+004	   -8.314871e+001
+1.720743e+004	   -8.034129e+001
+1.721944e+004	   -7.740119e+001
+1.723144e+004	   -7.596876e+001
+1.724344e+004	   -7.527870e+001
+1.725544e+004	   -7.419618e+001
+1.726744e+004	   -7.350194e+001
+1.727944e+004	   -7.331124e+001
+1.729144e+004	   -7.308770e+001
+1.730344e+004	   -7.278452e+001
+1.731544e+004	   -7.348588e+001
+1.732744e+004	   -7.345668e+001
+1.733945e+004	   -7.360965e+001
+1.735145e+004	   -7.383670e+001
+1.736345e+004	   -7.551877e+001
+1.737545e+004	   -7.596317e+001
+1.738745e+004	   -7.695951e+001
+1.739945e+004	   -7.701343e+001
+1.741145e+004	   -7.716542e+001
+1.742345e+004	   -7.900299e+001
+1.743545e+004	   -7.816668e+001
+1.744745e+004	   -7.812565e+001
+1.745946e+004	   -7.935294e+001
+1.747146e+004	   -7.984758e+001
+1.748346e+004	   -7.942910e+001
+1.749546e+004	   -7.898093e+001
+1.750746e+004	   -7.946297e+001
+1.751946e+004	   -8.000761e+001
+1.753146e+004	   -8.029285e+001
+1.754346e+004	   -7.942477e+001
+1.755546e+004	   -7.983125e+001
+1.756746e+004	   -7.914999e+001
+1.757946e+004	   -7.768028e+001
+1.759146e+004	   -7.667851e+001
+1.760347e+004	   -7.644449e+001
+1.761547e+004	   -7.705498e+001
+1.762747e+004	   -7.469574e+001
+1.763947e+004	   -7.363297e+001
+1.765147e+004	   -7.225174e+001
+1.766347e+004	   -7.113976e+001
+1.767547e+004	   -7.020158e+001
+1.768747e+004	   -6.918150e+001
+1.769947e+004	   -6.895123e+001
+1.771148e+004	   -6.794968e+001
+1.772348e+004	   -6.778875e+001
+1.773548e+004	   -6.728207e+001
+1.774748e+004	   -6.697596e+001
+1.775948e+004	   -6.670697e+001
+1.777148e+004	   -6.745630e+001
+1.778348e+004	   -6.760285e+001
+1.779548e+004	   -6.834155e+001
+1.780748e+004	   -6.875895e+001
+1.781948e+004	   -6.932572e+001
+1.783149e+004	   -7.073262e+001
+1.784349e+004	   -7.220455e+001
+1.785549e+004	   -7.374153e+001
+1.786749e+004	   -7.560441e+001
+1.787949e+004	   -7.867596e+001
+1.789149e+004	   -8.339807e+001
+1.790349e+004	   -8.518847e+001
+1.791549e+004	   -8.661572e+001
+1.792749e+004	   -9.272556e+001
+1.793949e+004	   -1.088966e+002
+1.795150e+004	   -9.849115e+001
+1.796350e+004	   -9.840247e+001
+1.797550e+004	   -9.145218e+001
+1.798750e+004	   -8.948437e+001
+1.799950e+004	   -9.700699e+001
+1.801150e+004	   -8.649972e+001
+1.802350e+004	   -9.232663e+001
+1.803550e+004	   -9.069982e+001
+1.804750e+004	   -9.212621e+001
+1.805950e+004	   -9.234462e+001
+1.807151e+004	   -9.391303e+001
+1.808351e+004	   -1.075643e+002
+1.809551e+004	   -8.609757e+001
+1.810751e+004	   -8.268579e+001
+1.811951e+004	   -8.044872e+001
+1.813151e+004	   -7.850425e+001
+1.814351e+004	   -7.676630e+001
+1.815551e+004	   -7.573265e+001
+1.816751e+004	   -7.460676e+001
+1.817952e+004	   -7.363787e+001
+1.819152e+004	   -7.320651e+001
+1.820352e+004	   -7.355159e+001
+1.821552e+004	   -7.390369e+001
+1.822752e+004	   -7.563770e+001
+1.823952e+004	   -7.681424e+001
+1.825152e+004	   -7.688496e+001
+1.826352e+004	   -7.844594e+001
+1.827552e+004	   -8.151077e+001
+1.828752e+004	   -9.959585e+001
+1.829953e+004	   -1.006626e+002
+1.831153e+004	   -8.560439e+001
+1.832353e+004	   -7.956277e+001
+1.833553e+004	   -7.676711e+001
+1.834753e+004	   -7.403221e+001
+1.835953e+004	   -7.268617e+001
+1.837153e+004	   -7.205591e+001
+1.838353e+004	   -7.132535e+001
+1.839553e+004	   -7.157919e+001
+1.840753e+004	   -7.158091e+001
+1.841954e+004	   -7.154288e+001
+1.843154e+004	   -7.327374e+001
+1.844354e+004	   -7.567138e+001
+1.845554e+004	   -7.915390e+001
+1.846754e+004	   -8.435062e+001
+1.847954e+004	   -9.348804e+001
+1.849154e+004	   -8.089799e+001
+1.850354e+004	   -7.615120e+001
+1.851554e+004	   -7.319940e+001
+1.852754e+004	   -7.113068e+001
+1.853954e+004	   -7.071162e+001
+1.855154e+004	   -6.994241e+001
+1.856355e+004	   -6.928255e+001
+1.857555e+004	   -7.042195e+001
+1.858755e+004	   -7.034834e+001
+1.859955e+004	   -7.191489e+001
+1.861155e+004	   -7.400106e+001
+1.862355e+004	   -7.727815e+001
+1.863555e+004	   -7.992647e+001
+1.864755e+004	   -8.578923e+001
+1.865955e+004	   -9.425661e+001
+1.867156e+004	   -8.697633e+001
+1.868356e+004	   -8.269588e+001
+1.869556e+004	   -8.163387e+001
+1.870756e+004	   -8.411051e+001
+1.871956e+004	   -8.401139e+001
+1.873156e+004	   -9.254811e+001
+1.874356e+004	   -9.832317e+001
+1.875556e+004	   -8.416438e+001
+1.876756e+004	   -7.877357e+001
+1.877956e+004	   -7.535819e+001
+1.879157e+004	   -7.402356e+001
+1.880357e+004	   -7.083303e+001
+1.881557e+004	   -7.059563e+001
+1.882757e+004	   -6.994784e+001
+1.883957e+004	   -7.007796e+001
+1.885157e+004	   -7.053142e+001
+1.886357e+004	   -7.101678e+001
+1.887557e+004	   -7.193407e+001
+1.888757e+004	   -7.359361e+001
+1.889957e+004	   -7.610039e+001
+1.891158e+004	   -7.977762e+001
+1.892358e+004	   -8.433375e+001
+1.893558e+004	   -9.018256e+001
+1.894758e+004	   -9.523059e+001
+1.895958e+004	   -8.678727e+001
+1.897158e+004	   -8.468121e+001
+1.898358e+004	   -8.377113e+001
+1.899558e+004	   -8.359376e+001
+1.900758e+004	   -8.480717e+001
+1.901958e+004	   -9.241514e+001
+1.903159e+004	   -1.004333e+002
+1.904359e+004	   -9.278415e+001
+1.905559e+004	   -8.667698e+001
+1.906759e+004	   -8.381870e+001
+1.907959e+004	   -8.307793e+001
+1.909159e+004	   -8.041750e+001
+1.910359e+004	   -8.224938e+001
+1.911559e+004	   -8.237868e+001
+1.912759e+004	   -8.623091e+001
+1.913960e+004	   -8.775165e+001
+1.915160e+004	   -1.044592e+002
+1.916360e+004	   -8.634409e+001
+1.917560e+004	   -8.127224e+001
+1.918760e+004	   -8.007923e+001
+1.919960e+004	   -7.761458e+001
+1.921160e+004	   -7.551359e+001
+1.922360e+004	   -7.565973e+001
+1.923560e+004	   -7.428640e+001
+1.924760e+004	   -7.459716e+001
+1.925961e+004	   -7.413950e+001
+1.927161e+004	   -7.465237e+001
+1.928361e+004	   -7.597765e+001
+1.929561e+004	   -7.736536e+001
+1.930761e+004	   -7.893913e+001
+1.931961e+004	   -8.363927e+001
+1.933161e+004	   -8.750066e+001
+1.934361e+004	   -1.055506e+002
+1.935561e+004	   -8.796489e+001
+1.936761e+004	   -8.279490e+001
+1.937962e+004	   -8.151965e+001
+1.939162e+004	   -7.864973e+001
+1.940362e+004	   -7.919618e+001
+1.941562e+004	   -7.691515e+001
+1.942762e+004	   -7.585454e+001
+1.943962e+004	   -7.581590e+001
+1.945162e+004	   -7.450988e+001
+1.946362e+004	   -7.447247e+001
+1.947562e+004	   -7.400420e+001
+1.948762e+004	   -7.317301e+001
+1.949963e+004	   -7.240052e+001
+1.951163e+004	   -7.264872e+001
+1.952363e+004	   -7.201328e+001
+1.953563e+004	   -7.183176e+001
+1.954763e+004	   -7.207444e+001
+1.955963e+004	   -7.144637e+001
+1.957163e+004	   -7.098399e+001
+1.958363e+004	   -7.083280e+001
+1.959563e+004	   -7.068303e+001
+1.960763e+004	   -7.190369e+001
+1.961963e+004	   -7.130276e+001
+1.963164e+004	   -7.301148e+001
+1.964364e+004	   -7.427802e+001
+1.965564e+004	   -7.598351e+001
+1.966764e+004	   -7.999282e+001
+1.967964e+004	   -8.451762e+001
+1.969164e+004	   -1.002923e+002
+1.970364e+004	   -8.995449e+001
+1.971564e+004	   -8.466441e+001
+1.972764e+004	   -8.212781e+001
+1.973964e+004	   -7.919354e+001
+1.975165e+004	   -7.937493e+001
+1.976365e+004	   -7.866970e+001
+1.977565e+004	   -7.915333e+001
+1.978765e+004	   -8.001496e+001
+1.979965e+004	   -8.421909e+001
+1.981165e+004	   -9.030786e+001
+1.982365e+004	   -8.692145e+001
+1.983565e+004	   -8.438997e+001
+1.984765e+004	   -7.921350e+001
+1.985965e+004	   -7.678376e+001
+1.987166e+004	   -7.662608e+001
+1.988366e+004	   -7.531725e+001
+1.989566e+004	   -7.543308e+001
+1.990766e+004	   -7.673191e+001
+1.991966e+004	   -7.842751e+001
+1.993166e+004	   -8.251878e+001
+1.994366e+004	   -8.879980e+001
+1.995566e+004	   -8.900446e+001
+1.996766e+004	   -8.372343e+001
+1.997966e+004	   -7.578116e+001
+1.999167e+004	   -7.459724e+001
+2.000367e+004	   -7.262331e+001
+2.001567e+004	   -7.172033e+001
+2.002767e+004	   -7.197890e+001
+2.003967e+004	   -7.105653e+001
+2.005167e+004	   -7.183163e+001
+2.006367e+004	   -7.270956e+001
+2.007567e+004	   -7.371127e+001
+2.008767e+004	   -7.464463e+001
+2.009968e+004	   -7.726449e+001
+2.011168e+004	   -8.004021e+001
+2.012368e+004	   -8.673362e+001
+2.013568e+004	   -8.429271e+001
+2.014768e+004	   -8.682381e+001
+2.015968e+004	   -8.255775e+001
+2.017168e+004	   -8.001936e+001
+2.018368e+004	   -7.650701e+001
+2.019568e+004	   -7.351887e+001
+2.020768e+004	   -7.085102e+001
+2.021969e+004	   -6.955834e+001
+2.023169e+004	   -6.736882e+001
+2.024369e+004	   -6.633664e+001
+2.025569e+004	   -6.503924e+001
+2.026769e+004	   -6.434898e+001
+2.027969e+004	   -6.421957e+001
+2.029169e+004	   -6.452959e+001
+2.030369e+004	   -6.469091e+001
+2.031569e+004	   -6.548445e+001
+2.032769e+004	   -6.655515e+001
+2.033970e+004	   -6.816291e+001
+2.035170e+004	   -7.013465e+001
+2.036370e+004	   -7.277456e+001
+2.037570e+004	   -7.658887e+001
+2.038770e+004	   -8.047898e+001
+2.039970e+004	   -9.838383e+001
+2.041170e+004	   -8.508058e+001
+2.042370e+004	   -8.078013e+001
+2.043570e+004	   -7.848907e+001
+2.044770e+004	   -7.798713e+001
+2.045971e+004	   -7.799908e+001
+2.047171e+004	   -7.870074e+001
+2.048371e+004	   -8.108077e+001
+2.049571e+004	   -8.156175e+001
+2.050771e+004	   -8.823909e+001
+2.051971e+004	   -8.668765e+001
+2.053171e+004	   -9.049691e+001
+2.054371e+004	   -9.131626e+001
+2.055571e+004	   -8.693624e+001
+2.056771e+004	   -8.302158e+001
+2.057971e+004	   -7.989008e+001
+2.059172e+004	   -7.905541e+001
+2.060372e+004	   -7.714489e+001
+2.061572e+004	   -7.532540e+001
+2.062772e+004	   -7.653735e+001
+2.063972e+004	   -7.535754e+001
+2.065172e+004	   -7.492476e+001
+2.066372e+004	   -7.513453e+001
+2.067572e+004	   -7.631624e+001
+2.068772e+004	   -7.759305e+001
+2.069972e+004	   -8.059451e+001
+2.071173e+004	   -8.505992e+001
+2.072373e+004	   -9.276517e+001
+2.073573e+004	   -9.278078e+001
+2.074773e+004	   -9.440772e+001
+2.075973e+004	   -8.179568e+001
+2.077173e+004	   -8.457582e+001
+2.078373e+004	   -8.349234e+001
+2.079573e+004	   -8.165686e+001
+2.080773e+004	   -8.567022e+001
+2.081973e+004	   -8.537276e+001
+2.083174e+004	   -9.525060e+001
+2.084374e+004	   -9.600294e+001
+2.085574e+004	   -8.829189e+001
+2.086774e+004	   -8.500148e+001
+2.087974e+004	   -8.483019e+001
+2.089174e+004	   -9.697498e+001
+2.090374e+004	   -9.791113e+001
+2.091574e+004	   -8.540575e+001
+2.092774e+004	   -8.234660e+001
+2.093974e+004	   -7.829721e+001
+2.095175e+004	   -7.766029e+001
+2.096375e+004	   -7.469801e+001
+2.097575e+004	   -7.292667e+001
+2.098775e+004	   -7.234527e+001
+2.099975e+004	   -7.167323e+001
+2.101175e+004	   -7.195872e+001
+2.102375e+004	   -7.319688e+001
+2.103575e+004	   -7.375028e+001
+2.104775e+004	   -7.464913e+001
+2.105975e+004	   -7.686260e+001
+2.107176e+004	   -8.200472e+001
+2.108376e+004	   -8.734608e+001
+2.109576e+004	   -1.079525e+002
+2.110776e+004	   -8.553698e+001
+2.111976e+004	   -8.414689e+001
+2.113176e+004	   -8.421059e+001
+2.114376e+004	   -8.367081e+001
+2.115576e+004	   -8.423009e+001
+2.116776e+004	   -8.598029e+001
+2.117977e+004	   -9.755616e+001
+2.119177e+004	   -8.536007e+001
+2.120377e+004	   -8.196815e+001
+2.121577e+004	   -8.035737e+001
+2.122777e+004	   -7.579221e+001
+2.123977e+004	   -7.466699e+001
+2.125177e+004	   -7.372869e+001
+2.126377e+004	   -7.354533e+001
+2.127577e+004	   -7.373171e+001
+2.128777e+004	   -7.381154e+001
+2.129978e+004	   -7.581380e+001
+2.131178e+004	   -7.754751e+001
+2.132378e+004	   -7.921777e+001
+2.133578e+004	   -8.282431e+001
+2.134778e+004	   -9.266616e+001
+2.135978e+004	   -9.866408e+001
+2.137178e+004	   -8.984650e+001
+2.138378e+004	   -9.790656e+001
+2.139578e+004	   -9.815391e+001
+2.140778e+004	   -9.771590e+001
+2.141979e+004	   -9.612566e+001
+2.143179e+004	   -1.049895e+002
+2.144379e+004	   -8.668082e+001
+2.145579e+004	   -8.353206e+001
+2.146779e+004	   -8.030763e+001
+2.147979e+004	   -8.056892e+001
+2.149179e+004	   -8.060753e+001
+2.150379e+004	   -7.900384e+001
+2.151579e+004	   -8.026009e+001
+2.152779e+004	   -8.134974e+001
+2.153979e+004	   -8.212992e+001
+2.155179e+004	   -8.390514e+001
+2.156380e+004	   -8.767711e+001
+2.157580e+004	   -9.040085e+001
+2.158780e+004	   -9.315535e+001
+2.159980e+004	   -9.723473e+001
+2.161180e+004	   -8.786013e+001
+2.162380e+004	   -8.362977e+001
+2.163580e+004	   -8.239800e+001
+2.164780e+004	   -7.978716e+001
+2.165980e+004	   -7.570288e+001
+2.167181e+004	   -7.388016e+001
+2.168381e+004	   -7.207248e+001
+2.169581e+004	   -7.078645e+001
+2.170781e+004	   -6.915354e+001
+2.171981e+004	   -6.840569e+001
+2.173181e+004	   -6.826480e+001
+2.174381e+004	   -6.856565e+001
+2.175581e+004	   -6.839581e+001
+2.176781e+004	   -6.931102e+001
+2.177981e+004	   -7.053313e+001
+2.179182e+004	   -7.176717e+001
+2.180382e+004	   -7.372489e+001
+2.181582e+004	   -7.751969e+001
+2.182782e+004	   -8.249475e+001
+2.183982e+004	   -9.823310e+001
+2.185182e+004	   -8.430219e+001
+2.186382e+004	   -7.955671e+001
+2.187582e+004	   -7.568858e+001
+2.188782e+004	   -7.444286e+001
+2.189982e+004	   -7.336501e+001
+2.191183e+004	   -7.354346e+001
+2.192383e+004	   -7.344624e+001
+2.193583e+004	   -7.374687e+001
+2.194783e+004	   -7.510247e+001
+2.195983e+004	   -7.664336e+001
+2.197183e+004	   -7.968164e+001
+2.198383e+004	   -8.432685e+001
+2.199583e+004	   -9.052195e+001
+2.200783e+004	   -9.508429e+001
+2.201983e+004	   -8.234947e+001
+2.203184e+004	   -8.051907e+001
+2.204384e+004	   -7.685268e+001
+2.205584e+004	   -7.705655e+001
+2.206784e+004	   -7.601855e+001
+2.207984e+004	   -7.538653e+001
+2.209184e+004	   -7.507855e+001
+2.210384e+004	   -7.623077e+001
+2.211584e+004	   -7.562399e+001
+2.212784e+004	   -7.791730e+001
+2.213985e+004	   -8.006959e+001
+2.215185e+004	   -8.095366e+001
+2.216385e+004	   -8.463636e+001
+2.217585e+004	   -8.749779e+001
+2.218785e+004	   -9.413261e+001
+2.219985e+004	   -9.821736e+001
+2.221185e+004	   -9.988309e+001
+2.222385e+004	   -1.022085e+002
+2.223585e+004	   -1.051326e+002
+2.224785e+004	   -9.200723e+001
+2.225986e+004	   -8.713667e+001
+2.227186e+004	   -8.493260e+001
+2.228386e+004	   -8.313954e+001
+2.229586e+004	   -7.996022e+001
+2.230786e+004	   -7.917891e+001
+2.231986e+004	   -7.642518e+001
+2.233186e+004	   -7.567480e+001
+2.234386e+004	   -7.551680e+001
+2.235586e+004	   -7.493514e+001
+2.236786e+004	   -7.481718e+001
+2.237987e+004	   -7.512384e+001
+2.239187e+004	   -7.464739e+001
+2.240387e+004	   -7.529597e+001
+2.241587e+004	   -7.493533e+001
+2.242787e+004	   -7.552068e+001
+2.243987e+004	   -7.645286e+001
+2.245187e+004	   -7.807595e+001
+2.246387e+004	   -7.985188e+001
+2.247587e+004	   -8.103232e+001
+2.248787e+004	   -8.400005e+001
+2.249988e+004	   -8.493764e+001
+2.251188e+004	   -9.320412e+001
+2.252388e+004	   -9.028202e+001
+2.253588e+004	   -9.816887e+001
+2.254788e+004	   -9.274279e+001
+2.255988e+004	   -9.129134e+001
+2.257188e+004	   -9.099732e+001
+2.258388e+004	   -9.508313e+001
+2.259588e+004	   -8.972413e+001
+2.260788e+004	   -9.045556e+001
+2.261988e+004	   -8.580167e+001
+2.263189e+004	   -8.647878e+001
+2.264389e+004	   -8.514914e+001
+2.265589e+004	   -8.615607e+001
+2.266789e+004	   -8.196602e+001
+2.267989e+004	   -8.489391e+001
+2.269189e+004	   -8.375407e+001
+2.270389e+004	   -8.360696e+001
+2.271589e+004	   -8.743051e+001
+2.272789e+004	   -9.085801e+001
+2.273989e+004	   -9.300684e+001
+2.275190e+004	   -9.461782e+001
+2.276390e+004	   -9.661200e+001
+2.277590e+004	   -1.030520e+002
+2.278790e+004	   -8.948787e+001
+2.279990e+004	   -8.688188e+001
+2.281190e+004	   -8.685381e+001
+2.282390e+004	   -8.352735e+001
+2.283590e+004	   -8.434039e+001
+2.284790e+004	   -8.330154e+001
+2.285990e+004	   -8.394479e+001
+2.287191e+004	   -8.572992e+001
+2.288391e+004	   -8.423141e+001
+2.289591e+004	   -8.897887e+001
+2.290791e+004	   -8.799103e+001
+2.291991e+004	   -8.922568e+001
+2.293191e+004	   -8.899412e+001
+2.294391e+004	   -9.597459e+001
+2.295591e+004	   -9.394447e+001
+2.296791e+004	   -9.715360e+001
+2.297991e+004	   -1.002895e+002
+2.299192e+004	   -1.052452e+002
+2.300392e+004	   -9.592603e+001
+2.301592e+004	   -9.881736e+001
+2.302792e+004	   -1.015801e+002
+2.303992e+004	   -9.872661e+001
+2.305192e+004	   -9.417702e+001
+2.306392e+004	   -1.012302e+002
+2.307592e+004	   -8.810413e+001
+2.308792e+004	   -9.330294e+001
+2.309993e+004	   -8.831691e+001
+2.311193e+004	   -8.759866e+001
+2.312393e+004	   -8.533959e+001
+2.313593e+004	   -9.079555e+001
+2.314793e+004	   -8.667355e+001
+2.315993e+004	   -8.272323e+001
+2.317193e+004	   -8.663789e+001
+2.318393e+004	   -8.534549e+001
+2.319593e+004	   -8.966638e+001
+2.320793e+004	   -8.750924e+001
+2.321994e+004	   -9.151440e+001
+2.323194e+004	   -8.932481e+001
+2.324394e+004	   -8.941579e+001
+2.325594e+004	   -9.106918e+001
+2.326794e+004	   -9.176341e+001
+2.327994e+004	   -8.768021e+001
+2.329194e+004	   -8.421416e+001
+2.330394e+004	   -8.799599e+001
+2.331594e+004	   -8.316196e+001
+2.332794e+004	   -8.118054e+001
+2.333995e+004	   -7.920604e+001
+2.335195e+004	   -8.017342e+001
+2.336395e+004	   -8.281614e+001
+2.337595e+004	   -8.310119e+001
+2.338795e+004	   -8.482961e+001
+2.339995e+004	   -8.787215e+001
+2.341195e+004	   -8.774268e+001
+2.342395e+004	   -9.756470e+001
+2.343595e+004	   -9.732074e+001
+2.344795e+004	   -9.538369e+001
+2.345996e+004	   -1.047941e+002
+2.347196e+004	   -8.687388e+001
+2.348396e+004	   -9.682834e+001
+2.349596e+004	   -9.757577e+001
+2.350796e+004	   -1.024945e+002
+2.351996e+004	   -9.787215e+001
+2.353196e+004	   -9.201855e+001
+2.354396e+004	   -9.353141e+001
+2.355596e+004	   -9.872952e+001
+2.356796e+004	   -9.961501e+001
+2.357996e+004	   -9.808666e+001
+2.359197e+004	   -1.013995e+002
+2.360397e+004	   -9.160379e+001
+2.361597e+004	   -9.522993e+001
+2.362797e+004	   -8.881720e+001
+2.363997e+004	   -9.588276e+001
+2.365197e+004	   -8.941306e+001
+2.366397e+004	   -9.489165e+001
+2.367597e+004	   -8.965480e+001
+2.368797e+004	   -9.360905e+001
+2.369997e+004	   -8.703645e+001
+2.371198e+004	   -9.155379e+001
+2.372398e+004	   -8.865960e+001
+2.373598e+004	   -8.893209e+001
+2.374798e+004	   -8.838091e+001
+2.375998e+004	   -9.267980e+001
+2.377198e+004	   -9.737682e+001
+2.378398e+004	   -1.030059e+002
+2.379598e+004	   -9.118584e+001
+2.380798e+004	   -9.375185e+001
+2.381998e+004	   -9.342100e+001
+2.383199e+004	   -9.096971e+001
+2.384399e+004	   -9.109438e+001
+2.385599e+004	   -9.088689e+001
+2.386799e+004	   -9.626764e+001
+2.387999e+004	   -8.908360e+001
+2.389199e+004	   -9.298212e+001
+2.390399e+004	   -9.037555e+001
+2.391599e+004	   -9.231406e+001
+2.392799e+004	   -9.538701e+001
+2.393999e+004	   -8.813796e+001
+2.395200e+004	   -9.599900e+001
+2.396400e+004	   -8.529214e+001
+2.397600e+004	   -8.683116e+001
+2.398800e+004	   -8.724164e+001
+2.400000e+004	   -9.294949e+001
