+5.000000e+002	   +4.617798e-002
+5.020010e+002	   +4.494568e-002
+5.040020e+002	   +4.506179e-002
+5.060030e+002	   +4.516425e-002
+5.080040e+002	   +4.537433e-002
+5.100050e+002	   +4.552594e-002
+5.120060e+002	   +4.511712e-002
+5.140070e+002	   +4.432108e-002
+5.160080e+002	   +4.533753e-002
+5.180090e+002	   +4.458612e-002
+5.200100e+002	   +4.510655e-002
+5.220110e+002	   +4.507593e-002
+5.240120e+002	   +4.641452e-002
+5.260130e+002	   +4.623523e-002
+5.280140e+002	   +4.645063e-002
+5.300150e+002	   +4.636314e-002
+5.320160e+002	   +4.525426e-002
+5.340170e+002	   +4.707679e-002
+5.360180e+002	   +4.636202e-002
+5.380190e+002	   +4.514016e-002
+5.400200e+002	   +4.614062e-002
+5.420210e+002	   +4.718626e-002
+5.440220e+002	   +4.633993e-002
+5.460230e+002	   +4.633646e-002
+5.480240e+002	   +4.817054e-002
+5.500250e+002	   +4.778665e-002
+5.520260e+002	   +4.748143e-002
+5.540270e+002	   +4.975573e-002
+5.560280e+002	   +4.798492e-002
+5.580290e+002	   +4.863874e-002
+5.600300e+002	   +5.048231e-002
+5.620310e+002	   +4.871385e-002
+5.640320e+002	   +4.919046e-002
+5.660330e+002	   +5.005640e-002
+5.680340e+002	   +5.111662e-002
+5.700350e+002	   +5.072830e-002
+5.720360e+002	   +5.092108e-002
+5.740370e+002	   +5.159757e-002
+5.760380e+002	   +5.178468e-002
+5.780390e+002	   +5.230096e-002
+5.800400e+002	   +5.340011e-002
+5.820410e+002	   +5.286903e-002
+5.840420e+002	   +5.322560e-002
+5.860430e+002	   +5.237721e-002
+5.880440e+002	   +5.237456e-002
+5.900450e+002	   +5.310711e-002
+5.920460e+002	   +5.584114e-002
+5.940470e+002	   +5.287396e-002
+5.960480e+002	   +5.268171e-002
+5.980490e+002	   +5.422569e-002
+6.000500e+002	   +5.567618e-002
+6.020510e+002	   +5.730018e-002
+6.040520e+002	   +5.643946e-002
+6.060530e+002	   +5.410974e-002
+6.080540e+002	   +5.402595e-002
+6.100551e+002	   +5.517056e-002
+6.120560e+002	   +5.562636e-002
+6.140570e+002	   +5.662141e-002
+6.160580e+002	   +5.408918e-002
+6.180590e+002	   +5.452093e-002
+6.200601e+002	   +5.277622e-002
+6.220610e+002	   +5.888366e-002
+6.240620e+002	   +5.379441e-002
+6.260630e+002	   +5.547309e-002
+6.280640e+002	   +5.823832e-002
+6.300650e+002	   +5.760401e-002
+6.320660e+002	   +5.429165e-002
+6.340670e+002	   +5.524905e-002
+6.360681e+002	   +5.580251e-002
+6.380690e+002	   +5.591984e-002
+6.400700e+002	   +5.747084e-002
+6.420710e+002	   +5.874225e-002
+6.440720e+002	   +5.554873e-002
+6.460731e+002	   +5.519308e-002
+6.480740e+002	   +5.720996e-002
+6.500750e+002	   +5.397563e-002
+6.520760e+002	   +5.768265e-002
+6.540770e+002	   +5.343841e-002
+6.560781e+002	   +5.644885e-002
+6.580790e+002	   +5.586009e-002
+6.600800e+002	   +5.349128e-002
+6.620811e+002	   +5.423746e-002
+6.640820e+002	   +5.455957e-002
+6.660831e+002	   +5.482036e-002
+6.680840e+002	   +5.415661e-002
+6.700850e+002	   +5.401070e-002
+6.720861e+002	   +5.343993e-002
+6.740870e+002	   +5.309975e-002
+6.760881e+002	   +5.448658e-002
+6.780891e+002	   +5.390586e-002
+6.800900e+002	   +5.483554e-002
+6.820911e+002	   +5.494750e-002
+6.840920e+002	   +5.285598e-002
+6.860930e+002	   +5.392523e-002
+6.880941e+002	   +5.335889e-002
+6.900950e+002	   +5.217990e-002
+6.920961e+002	   +5.244721e-002
+6.940970e+002	   +5.022219e-002
+6.960980e+002	   +5.398307e-002
+6.980991e+002	   +5.340189e-002
+7.001000e+002	   +5.201814e-002
+7.021011e+002	   +5.302053e-002
+7.041021e+002	   +5.192742e-002
+7.061030e+002	   +5.203690e-002
+7.081041e+002	   +5.384697e-002
+7.101050e+002	   +5.180373e-002
+7.121061e+002	   +5.128543e-002
+7.141071e+002	   +5.150351e-002
+7.161080e+002	   +5.157852e-002
+7.181091e+002	   +5.292282e-002
+7.201100e+002	   +5.012754e-002
+7.221111e+002	   +4.940902e-002
+7.241121e+002	   +5.077596e-002
+7.261130e+002	   +5.256505e-002
+7.281141e+002	   +5.017206e-002
+7.301151e+002	   +4.982249e-002
+7.321160e+002	   +5.053052e-002
+7.341171e+002	   +5.212445e-002
+7.361180e+002	   +5.279586e-002
+7.381191e+002	   +5.319701e-002
+7.401201e+002	   +5.176035e-002
+7.421210e+002	   +5.215391e-002
+7.441221e+002	   +5.321357e-002
+7.461230e+002	   +5.002603e-002
+7.481241e+002	   +5.333417e-002
+7.501251e+002	   +5.158153e-002
+7.521260e+002	   +5.151768e-002
+7.541271e+002	   +5.318725e-002
+7.561281e+002	   +5.181989e-002
+7.581291e+002	   +5.253473e-002
+7.601301e+002	   +5.290154e-002
+7.621310e+002	   +5.189614e-002
+7.641321e+002	   +5.121502e-002
+7.661331e+002	   +5.213581e-002
+7.681341e+002	   +5.284229e-002
+7.701351e+002	   +5.242643e-002
+7.721360e+002	   +5.325106e-002
+7.741371e+002	   +5.226445e-002
+7.761381e+002	   +5.206052e-002
+7.781391e+002	   +5.502857e-002
+7.801401e+002	   +5.504457e-002
+7.821411e+002	   +5.372767e-002
+7.841421e+002	   +5.405995e-002
+7.861431e+002	   +5.391648e-002
+7.881440e+002	   +5.346124e-002
+7.901451e+002	   +5.448569e-002
+7.921461e+002	   +5.452244e-002
+7.941471e+002	   +5.536068e-002
+7.961481e+002	   +5.641898e-002
+7.981490e+002	   +5.527215e-002
+8.001501e+002	   +5.466513e-002
+8.021511e+002	   +5.361952e-002
+8.041521e+002	   +5.504300e-002
+8.061531e+002	   +5.628644e-002
+8.081541e+002	   +5.651503e-002
+8.101551e+002	   +5.892573e-002
+8.121561e+002	   +5.513978e-002
+8.141571e+002	   +5.669378e-002
+8.161581e+002	   +5.752518e-002
+8.181591e+002	   +5.659626e-002
+8.201601e+002	   +5.632356e-002
+8.221611e+002	   +5.699891e-002
+8.241621e+002	   +5.704692e-002
+8.261631e+002	   +5.630627e-002
+8.281641e+002	   +5.838962e-002
+8.301651e+002	   +5.778948e-002
+8.321661e+002	   +5.771493e-002
+8.341671e+002	   +5.654486e-002
+8.361681e+002	   +5.738847e-002
+8.381691e+002	   +5.715078e-002
+8.401701e+002	   +5.767735e-002
+8.421711e+002	   +5.791345e-002
+8.441721e+002	   +5.900630e-002
+8.461731e+002	   +5.762280e-002
+8.481741e+002	   +5.598117e-002
+8.501751e+002	   +5.597453e-002
+8.521761e+002	   +5.735103e-002
+8.541771e+002	   +5.684345e-002
+8.561781e+002	   +5.669961e-002
+8.581791e+002	   +5.658878e-002
+8.601801e+002	   +5.793255e-002
+8.621811e+002	   +5.674944e-002
+8.641821e+002	   +5.677957e-002
+8.661831e+002	   +5.599532e-002
+8.681841e+002	   +5.628537e-002
+8.701851e+002	   +5.728416e-002
+8.721861e+002	   +5.553304e-002
+8.741871e+002	   +5.582327e-002
+8.761881e+002	   +5.422758e-002
+8.781891e+002	   +5.610475e-002
+8.801901e+002	   +5.636989e-002
+8.821911e+002	   +5.615675e-002
+8.841921e+002	   +5.433189e-002
+8.861931e+002	   +5.679182e-002
+8.881941e+002	   +5.494156e-002
+8.901951e+002	   +5.399046e-002
+8.921961e+002	   +5.475161e-002
+8.941971e+002	   +5.338463e-002
+8.961981e+002	   +5.425912e-002
+8.981991e+002	   +5.386258e-002
+9.002001e+002	   +5.244216e-002
+9.022011e+002	   +5.443262e-002
+9.042021e+002	   +5.245213e-002
+9.062031e+002	   +5.343273e-002
+9.082041e+002	   +5.354655e-002
+9.102051e+002	   +5.366351e-002
+9.122061e+002	   +5.192147e-002
+9.142071e+002	   +5.337743e-002
+9.162081e+002	   +5.336409e-002
+9.182091e+002	   +5.173945e-002
+9.202101e+002	   +5.325292e-002
+9.222111e+002	   +5.402082e-002
+9.242121e+002	   +5.286770e-002
+9.262131e+002	   +5.499315e-002
+9.282141e+002	   +5.288826e-002
+9.302151e+002	   +5.301325e-002
+9.322161e+002	   +5.369102e-002
+9.342171e+002	   +5.257262e-002
+9.362181e+002	   +5.351301e-002
+9.382191e+002	   +5.298652e-002
+9.402201e+002	   +5.430102e-002
+9.422211e+002	   +5.177692e-002
+9.442221e+002	   +5.392758e-002
+9.462231e+002	   +5.392404e-002
+9.482241e+002	   +5.332118e-002
+9.502251e+002	   +5.532004e-002
+9.522261e+002	   +5.432358e-002
+9.542271e+002	   +5.377531e-002
+9.562281e+002	   +5.403556e-002
+9.582291e+002	   +5.470055e-002
+9.602301e+002	   +5.374368e-002
+9.622311e+002	   +5.462623e-002
+9.642321e+002	   +5.432198e-002
+9.662331e+002	   +5.616005e-002
+9.682341e+002	   +5.600455e-002
+9.702351e+002	   +5.529725e-002
+9.722361e+002	   +5.696399e-002
+9.742371e+002	   +5.539463e-002
+9.762381e+002	   +5.375624e-002
+9.782391e+002	   +5.702421e-002
+9.802401e+002	   +5.646037e-002
+9.822411e+002	   +5.479752e-002
+9.842421e+002	   +5.318078e-002
+9.862431e+002	   +5.384332e-002
+9.882441e+002	   +5.377500e-002
+9.902451e+002	   +5.597876e-002
+9.922461e+002	   +5.388767e-002
+9.942471e+002	   +5.425743e-002
+9.962481e+002	   +5.183616e-002
+9.982491e+002	   +5.107350e-002
+1.000250e+003	   +5.090101e-002
+1.002251e+003	   +4.973312e-002
+1.004252e+003	   +4.835396e-002
+1.006253e+003	   +4.772216e-002
+1.008254e+003	   +4.641195e-002
+1.010255e+003	   +4.323346e-002
+1.012256e+003	   +4.301805e-002
+1.014257e+003	   +3.857392e-002
+1.016258e+003	   +3.828724e-002
+1.018259e+003	   +3.522823e-002
+1.020260e+003	   +3.361621e-002
+1.022261e+003	   +3.038123e-002
+1.024262e+003	   +2.736809e-002
+1.026263e+003	   +2.473198e-002
+1.028264e+003	   +2.002626e-002
+1.030265e+003	   +1.754897e-002
+1.032266e+003	   +1.221338e-002
+1.034267e+003	   +8.958072e-003
+1.036268e+003	   +5.085838e-003
+1.038269e+003	   -1.581729e-003
+1.040270e+003	   -7.917291e-003
+1.042271e+003	   -1.384728e-002
+1.044272e+003	   -2.025450e-002
+1.046273e+003	   -2.613714e-002
+1.048274e+003	   -3.399149e-002
+1.050275e+003	   -4.176512e-002
+1.052276e+003	   -4.991661e-002
+1.054277e+003	   -5.851935e-002
+1.056278e+003	   -6.682915e-002
+1.058279e+003	   -7.595773e-002
+1.060280e+003	   -8.654349e-002
+1.062281e+003	   -9.712216e-002
+1.064282e+003	   -1.064238e-001
+1.066283e+003	   -1.194522e-001
+1.068284e+003	   -1.323113e-001
+1.070285e+003	   -1.449997e-001
+1.072286e+003	   -1.573936e-001
+1.074287e+003	   -1.715249e-001
+1.076288e+003	   -1.869146e-001
+1.078289e+003	   -2.014655e-001
+1.080290e+003	   -2.174065e-001
+1.082291e+003	   -2.334751e-001
+1.084292e+003	   -2.503586e-001
+1.086293e+003	   -2.692929e-001
+1.088294e+003	   -2.851371e-001
+1.090295e+003	   -3.052601e-001
+1.092296e+003	   -3.256869e-001
+1.094297e+003	   -3.477403e-001
+1.096298e+003	   -3.695048e-001
+1.098299e+003	   -3.916893e-001
+1.100300e+003	   -4.173202e-001
+1.102301e+003	   -4.387705e-001
+1.104302e+003	   -4.649895e-001
+1.106303e+003	   -4.916101e-001
+1.108304e+003	   -5.208142e-001
+1.110305e+003	   -5.468177e-001
+1.112306e+003	   -5.740383e-001
+1.114307e+003	   -6.046748e-001
+1.116308e+003	   -6.342343e-001
+1.118309e+003	   -6.663321e-001
+1.120310e+003	   -7.015433e-001
+1.122311e+003	   -7.301502e-001
+1.124312e+003	   -7.685481e-001
+1.126313e+003	   -8.026035e-001
+1.128314e+003	   -8.421174e-001
+1.130315e+003	   -8.806984e-001
+1.132316e+003	   -9.191566e-001
+1.134317e+003	   -9.614323e-001
+1.136318e+003	   -1.002318e+000
+1.138319e+003	   -1.044904e+000
+1.140320e+003	   -1.085850e+000
+1.142321e+003	   -1.131692e+000
+1.144322e+003	   -1.182563e+000
+1.146323e+003	   -1.230160e+000
+1.148324e+003	   -1.280069e+000
+1.150325e+003	   -1.327646e+000
+1.152326e+003	   -1.383686e+000
+1.154327e+003	   -1.437424e+000
+1.156328e+003	   -1.493354e+000
+1.158329e+003	   -1.549592e+000
+1.160330e+003	   -1.607929e+000
+1.162331e+003	   -1.667258e+000
+1.164332e+003	   -1.723085e+000
+1.166333e+003	   -1.782900e+000
+1.168334e+003	   -1.853353e+000
+1.170335e+003	   -1.913547e+000
+1.172336e+003	   -1.986803e+000
+1.174337e+003	   -2.057654e+000
+1.176338e+003	   -2.124592e+000
+1.178339e+003	   -2.192643e+000
+1.180340e+003	   -2.272263e+000
+1.182341e+003	   -2.346974e+000
+1.184342e+003	   -2.421789e+000
+1.186343e+003	   -2.499512e+000
+1.188344e+003	   -2.579581e+000
+1.190345e+003	   -2.661236e+000
+1.192346e+003	   -2.744530e+000
+1.194347e+003	   -2.827942e+000
+1.196348e+003	   -2.913082e+000
+1.198349e+003	   -2.999750e+000
+1.200350e+003	   -3.093750e+000
+1.202351e+003	   -3.186924e+000
+1.204352e+003	   -3.282417e+000
+1.206353e+003	   -3.376476e+000
+1.208354e+003	   -3.474917e+000
+1.210355e+003	   -3.572736e+000
+1.212356e+003	   -3.673362e+000
+1.214357e+003	   -3.777035e+000
+1.216358e+003	   -3.873306e+000
+1.218359e+003	   -3.987900e+000
+1.220360e+003	   -4.099231e+000
+1.222361e+003	   -4.209173e+000
+1.224362e+003	   -4.322450e+000
+1.226363e+003	   -4.436488e+000
+1.228364e+003	   -4.554710e+000
+1.230365e+003	   -4.675192e+000
+1.232366e+003	   -4.799360e+000
+1.234367e+003	   -4.921845e+000
+1.236368e+003	   -5.035187e+000
+1.238369e+003	   -5.176272e+000
+1.240370e+003	   -5.307242e+000
+1.242371e+003	   -5.441531e+000
+1.244372e+003	   -5.564652e+000
+1.246373e+003	   -5.711536e+000
+1.248374e+003	   -5.835427e+000
+1.250375e+003	   -5.981717e+000
+1.252376e+003	   -6.133579e+000
+1.254377e+003	   -6.287170e+000
+1.256378e+003	   -6.430340e+000
+1.258379e+003	   -6.585560e+000
+1.260380e+003	   -6.736093e+000
+1.262381e+003	   -6.888031e+000
+1.264382e+003	   -7.048054e+000
+1.266383e+003	   -7.212811e+000
+1.268384e+003	   -7.378383e+000
+1.270385e+003	   -7.544760e+000
+1.272386e+003	   -7.711619e+000
+1.274387e+003	   -7.881412e+000
+1.276388e+003	   -8.035020e+000
+1.278389e+003	   -8.231857e+000
+1.280390e+003	   -8.420297e+000
+1.282391e+003	   -8.594058e+000
+1.284392e+003	   -8.781964e+000
+1.286393e+003	   -8.966390e+000
+1.288394e+003	   -9.163645e+000
+1.290395e+003	   -9.350309e+000
+1.292396e+003	   -9.551744e+000
+1.294397e+003	   -9.733415e+000
+1.296398e+003	   -9.944555e+000
+1.298399e+003	   -1.015112e+001
+1.300400e+003	   -1.035970e+001
+1.302401e+003	   -1.056857e+001
+1.304402e+003	   -1.076223e+001
+1.306403e+003	   -1.100361e+001
+1.308404e+003	   -1.122911e+001
+1.310405e+003	   -1.145557e+001
+1.312406e+003	   -1.168046e+001
+1.314407e+003	   -1.190683e+001
+1.316408e+003	   -1.214398e+001
+1.318409e+003	   -1.237874e+001
+1.320410e+003	   -1.262145e+001
+1.322411e+003	   -1.286378e+001
+1.324412e+003	   -1.310718e+001
+1.326413e+003	   -1.335841e+001
+1.328414e+003	   -1.361382e+001
+1.330415e+003	   -1.387388e+001
+1.332416e+003	   -1.413599e+001
+1.334417e+003	   -1.439901e+001
+1.336418e+003	   -1.464694e+001
+1.338419e+003	   -1.491137e+001
+1.340420e+003	   -1.521759e+001
+1.342421e+003	   -1.550298e+001
+1.344422e+003	   -1.578623e+001
+1.346423e+003	   -1.607401e+001
+1.348424e+003	   -1.636798e+001
+1.350425e+003	   -1.666152e+001
+1.352426e+003	   -1.696909e+001
+1.354427e+003	   -1.727363e+001
+1.356428e+003	   -1.758269e+001
+1.358429e+003	   -1.789531e+001
+1.360430e+003	   -1.821928e+001
+1.362431e+003	   -1.854398e+001
+1.364432e+003	   -1.886862e+001
+1.366433e+003	   -1.919765e+001
+1.368434e+003	   -1.954140e+001
+1.370435e+003	   -1.988869e+001
+1.372436e+003	   -2.024283e+001
+1.374437e+003	   -2.058548e+001
+1.376438e+003	   -2.094220e+001
+1.378439e+003	   -2.131680e+001
+1.380440e+003	   -2.168161e+001
+1.382441e+003	   -2.205041e+001
+1.384442e+003	   -2.243524e+001
+1.386443e+003	   -2.282200e+001
+1.388444e+003	   -2.321485e+001
+1.390445e+003	   -2.361203e+001
+1.392446e+003	   -2.402087e+001
+1.394447e+003	   -2.443063e+001
+1.396448e+003	   -2.484885e+001
+1.398449e+003	   -2.523426e+001
+1.400450e+003	   -2.569026e+001
+1.402451e+003	   -2.616145e+001
+1.404452e+003	   -2.658739e+001
+1.406453e+003	   -2.704300e+001
+1.408454e+003	   -2.749500e+001
+1.410455e+003	   -2.797753e+001
+1.412456e+003	   -2.843562e+001
+1.414457e+003	   -2.893924e+001
+1.416458e+003	   -2.936776e+001
+1.418459e+003	   -2.992898e+001
+1.420460e+003	   -3.044356e+001
+1.422461e+003	   -3.093413e+001
+1.424462e+003	   -3.147380e+001
+1.426463e+003	   -3.196561e+001
+1.428464e+003	   -3.257080e+001
+1.430465e+003	   -3.313118e+001
+1.432466e+003	   -3.369649e+001
+1.434467e+003	   -3.428061e+001
+1.436468e+003	   -3.487268e+001
+1.438469e+003	   -3.549321e+001
+1.440470e+003	   -3.610096e+001
+1.442471e+003	   -3.674544e+001
+1.444472e+003	   -3.738732e+001
+1.446473e+003	   -3.805708e+001
+1.448474e+003	   -3.874833e+001
+1.450475e+003	   -3.936451e+001
+1.452476e+003	   -4.013738e+001
+1.454477e+003	   -4.083790e+001
+1.456478e+003	   -4.165218e+001
+1.458479e+003	   -4.238663e+001
+1.460480e+003	   -4.314267e+001
+1.462481e+003	   -4.390461e+001
+1.464482e+003	   -4.489022e+001
+1.466483e+003	   -4.570292e+001
+1.468484e+003	   -4.662276e+001
+1.470485e+003	   -4.761368e+001
+1.472486e+003	   -4.854297e+001
+1.474487e+003	   -4.957339e+001
+1.476488e+003	   -5.050933e+001
+1.478489e+003	   -5.173396e+001
+1.480490e+003	   -5.299725e+001
+1.482491e+003	   -5.394566e+001
+1.484492e+003	   -5.536805e+001
+1.486493e+003	   -5.662087e+001
+1.488494e+003	   -5.814251e+001
+1.490495e+003	   -5.953593e+001
+1.492496e+003	   -6.125980e+001
+1.494497e+003	   -6.286227e+001
+1.496498e+003	   -6.565917e+001
+1.498499e+003	   -6.900369e+001
+1.500500e+003	   -7.299454e+001
+1.502501e+003	   -7.687243e+001
+1.504502e+003	   -7.972250e+001
+1.506503e+003	   -8.905754e+001
+1.508504e+003	   -8.226891e+001
+1.510505e+003	   -7.692036e+001
+1.512506e+003	   -7.471227e+001
+1.514507e+003	   -7.331490e+001
+1.516508e+003	   -7.316296e+001
+1.518509e+003	   -7.127964e+001
+1.520510e+003	   -6.900188e+001
+1.522511e+003	   -7.109685e+001
+1.524512e+003	   -7.095982e+001
+1.526513e+003	   -7.098291e+001
+1.528514e+003	   -7.229504e+001
+1.530515e+003	   -7.375187e+001
+1.532516e+003	   -7.233659e+001
+1.534517e+003	   -7.190083e+001
+1.536518e+003	   -7.311864e+001
+1.538519e+003	   -7.383598e+001
+1.540520e+003	   -7.539076e+001
+1.542521e+003	   -7.488055e+001
+1.544522e+003	   -7.661182e+001
+1.546523e+003	   -7.875687e+001
+1.548524e+003	   -7.976480e+001
+1.550525e+003	   -8.516306e+001
+1.552526e+003	   -8.614558e+001
+1.554527e+003	   -9.070004e+001
+1.556528e+003	   -1.001628e+002
+1.558529e+003	   -9.304876e+001
+1.560530e+003	   -9.515914e+001
+1.562531e+003	   -8.696868e+001
+1.564532e+003	   -8.375482e+001
+1.566533e+003	   -8.853091e+001
+1.568534e+003	   -8.582259e+001
+1.570535e+003	   -8.364207e+001
+1.572536e+003	   -7.901051e+001
+1.574537e+003	   -7.867326e+001
+1.576538e+003	   -8.050322e+001
+1.578539e+003	   -7.770690e+001
+1.580540e+003	   -7.930760e+001
+1.582541e+003	   -8.295070e+001
+1.584542e+003	   -7.939554e+001
+1.586543e+003	   -7.676221e+001
+1.588544e+003	   -8.083266e+001
+1.590545e+003	   -8.125440e+001
+1.592546e+003	   -8.434461e+001
+1.594547e+003	   -8.286777e+001
+1.596548e+003	   -8.565283e+001
+1.598549e+003	   -8.690511e+001
+1.600550e+003	   -9.446741e+001
+1.602551e+003	   -9.082692e+001
+1.604552e+003	   -9.796562e+001
+1.606553e+003	   -8.480599e+001
+1.608554e+003	   -8.925948e+001
+1.610555e+003	   -8.417031e+001
+1.612556e+003	   -8.070853e+001
+1.614557e+003	   -7.865651e+001
+1.616558e+003	   -7.770870e+001
+1.618559e+003	   -7.693529e+001
+1.620560e+003	   -7.639047e+001
+1.622561e+003	   -7.501085e+001
+1.624562e+003	   -7.372529e+001
+1.626563e+003	   -7.175204e+001
+1.628564e+003	   -7.176175e+001
+1.630565e+003	   -7.095023e+001
+1.632566e+003	   -7.015777e+001
+1.634567e+003	   -6.983087e+001
+1.636568e+003	   -6.970042e+001
+1.638569e+003	   -6.877352e+001
+1.640570e+003	   -6.864192e+001
+1.642571e+003	   -6.845318e+001
+1.644572e+003	   -6.782908e+001
+1.646573e+003	   -6.798408e+001
+1.648574e+003	   -6.754984e+001
+1.650575e+003	   -6.714272e+001
+1.652576e+003	   -6.675821e+001
+1.654577e+003	   -6.634511e+001
+1.656578e+003	   -6.656068e+001
+1.658579e+003	   -6.655453e+001
+1.660580e+003	   -6.687001e+001
+1.662581e+003	   -6.637787e+001
+1.664582e+003	   -6.592966e+001
+1.666583e+003	   -6.637542e+001
+1.668584e+003	   -6.606253e+001
+1.670585e+003	   -6.602505e+001
+1.672586e+003	   -6.602449e+001
+1.674587e+003	   -6.619526e+001
+1.676588e+003	   -6.627286e+001
+1.678589e+003	   -6.651929e+001
+1.680590e+003	   -6.616177e+001
+1.682591e+003	   -6.637859e+001
+1.684592e+003	   -6.660966e+001
+1.686593e+003	   -6.701574e+001
+1.688594e+003	   -6.691496e+001
+1.690595e+003	   -6.769795e+001
+1.692596e+003	   -6.731112e+001
+1.694597e+003	   -6.821430e+001
+1.696598e+003	   -6.811720e+001
+1.698599e+003	   -6.830446e+001
+1.700600e+003	   -6.947622e+001
+1.702601e+003	   -6.870171e+001
+1.704602e+003	   -7.009697e+001
+1.706603e+003	   -7.049109e+001
+1.708604e+003	   -7.076519e+001
+1.710605e+003	   -7.187205e+001
+1.712606e+003	   -7.154081e+001
+1.714607e+003	   -7.249769e+001
+1.716608e+003	   -7.275364e+001
+1.718609e+003	   -7.270228e+001
+1.720610e+003	   -7.534068e+001
+1.722611e+003	   -7.953031e+001
+1.724612e+003	   -7.694830e+001
+1.726613e+003	   -7.792095e+001
+1.728614e+003	   -7.757909e+001
+1.730615e+003	   -8.290353e+001
+1.732616e+003	   -8.134987e+001
+1.734617e+003	   -8.679314e+001
+1.736618e+003	   -8.596857e+001
+1.738619e+003	   -8.861381e+001
+1.740620e+003	   -9.618515e+001
+1.742621e+003	   -9.485741e+001
+1.744622e+003	   -9.942280e+001
+1.746623e+003	   -9.202805e+001
+1.748624e+003	   -8.539603e+001
+1.750625e+003	   -8.376141e+001
+1.752626e+003	   -8.081562e+001
+1.754627e+003	   -8.069904e+001
+1.756628e+003	   -7.770845e+001
+1.758629e+003	   -7.794728e+001
+1.760630e+003	   -7.824601e+001
+1.762631e+003	   -7.684877e+001
+1.764632e+003	   -7.723096e+001
+1.766633e+003	   -7.807954e+001
+1.768634e+003	   -7.477974e+001
+1.770635e+003	   -7.528306e+001
+1.772636e+003	   -7.586066e+001
+1.774637e+003	   -7.719711e+001
+1.776638e+003	   -7.672031e+001
+1.778639e+003	   -7.627591e+001
+1.780640e+003	   -7.571615e+001
+1.782641e+003	   -7.478696e+001
+1.784642e+003	   -7.607148e+001
+1.786643e+003	   -7.436840e+001
+1.788644e+003	   -7.809682e+001
+1.790645e+003	   -7.455447e+001
+1.792646e+003	   -7.624945e+001
+1.794647e+003	   -7.712453e+001
+1.796648e+003	   -7.695632e+001
+1.798649e+003	   -7.784442e+001
+1.800650e+003	   -7.621371e+001
+1.802651e+003	   -8.076506e+001
+1.804652e+003	   -7.902544e+001
+1.806653e+003	   -7.972570e+001
+1.808654e+003	   -8.407108e+001
+1.810655e+003	   -8.715285e+001
+1.812656e+003	   -8.297375e+001
+1.814657e+003	   -7.997376e+001
+1.816658e+003	   -7.958408e+001
+1.818659e+003	   -8.164761e+001
+1.820660e+003	   -8.615749e+001
+1.822661e+003	   -8.211104e+001
+1.824662e+003	   -9.448129e+001
+1.826663e+003	   -8.553767e+001
+1.828664e+003	   -9.515473e+001
+1.830665e+003	   -9.528474e+001
+1.832666e+003	   -9.666126e+001
+1.834667e+003	   -1.067151e+002
+1.836668e+003	   -8.969226e+001
+1.838669e+003	   -8.792007e+001
+1.840670e+003	   -9.979691e+001
+1.842671e+003	   -9.140491e+001
+1.844672e+003	   -8.522389e+001
+1.846673e+003	   -8.289925e+001
+1.848674e+003	   -8.269961e+001
+1.850675e+003	   -8.478470e+001
+1.852676e+003	   -7.899332e+001
+1.854677e+003	   -8.015693e+001
+1.856678e+003	   -7.934122e+001
+1.858679e+003	   -8.310570e+001
+1.860680e+003	   -7.521513e+001
+1.862681e+003	   -8.200864e+001
+1.864682e+003	   -8.147820e+001
+1.866683e+003	   -7.703470e+001
+1.868684e+003	   -7.399465e+001
+1.870685e+003	   -7.356501e+001
+1.872686e+003	   -7.351645e+001
+1.874687e+003	   -7.424388e+001
+1.876688e+003	   -7.360099e+001
+1.878689e+003	   -7.699566e+001
+1.880690e+003	   -9.041819e+001
+1.882691e+003	   -7.471695e+001
+1.884692e+003	   -7.423558e+001
+1.886693e+003	   -8.687151e+001
+1.888694e+003	   -7.352631e+001
+1.890695e+003	   -8.246718e+001
+1.892696e+003	   -7.537560e+001
+1.894697e+003	   -7.358789e+001
+1.896698e+003	   -7.983974e+001
+1.898699e+003	   -8.293659e+001
+1.900700e+003	   -7.831831e+001
+1.902701e+003	   -7.544656e+001
+1.904702e+003	   -7.667425e+001
+1.906703e+003	   -7.778743e+001
+1.908704e+003	   -7.743272e+001
+1.910705e+003	   -8.084624e+001
+1.912706e+003	   -7.641885e+001
+1.914707e+003	   -7.617413e+001
+1.916708e+003	   -7.829061e+001
+1.918709e+003	   -7.770678e+001
+1.920710e+003	   -7.964571e+001
+1.922711e+003	   -7.935397e+001
+1.924712e+003	   -7.727370e+001
+1.926713e+003	   -8.095134e+001
+1.928714e+003	   -8.177023e+001
+1.930715e+003	   -7.745599e+001
+1.932716e+003	   -7.591871e+001
+1.934717e+003	   -7.535946e+001
+1.936718e+003	   -7.581914e+001
+1.938719e+003	   -7.402688e+001
+1.940720e+003	   -7.490548e+001
+1.942721e+003	   -7.677393e+001
+1.944722e+003	   -8.219286e+001
+1.946723e+003	   -7.606103e+001
+1.948724e+003	   -7.521564e+001
+1.950725e+003	   -7.850259e+001
+1.952726e+003	   -7.512881e+001
+1.954727e+003	   -7.669493e+001
+1.956728e+003	   -7.538781e+001
+1.958729e+003	   -7.333057e+001
+1.960730e+003	   -7.557497e+001
+1.962731e+003	   -7.391738e+001
+1.964732e+003	   -7.399231e+001
+1.966733e+003	   -7.287863e+001
+1.968734e+003	   -7.332681e+001
+1.970735e+003	   -7.260387e+001
+1.972736e+003	   -7.283593e+001
+1.974737e+003	   -7.226054e+001
+1.976738e+003	   -7.277022e+001
+1.978739e+003	   -7.311543e+001
+1.980740e+003	   -7.167971e+001
+1.982741e+003	   -7.284180e+001
+1.984742e+003	   -7.204548e+001
+1.986743e+003	   -7.417111e+001
+1.988744e+003	   -7.139114e+001
+1.990745e+003	   -7.274866e+001
+1.992746e+003	   -7.385944e+001
+1.994747e+003	   -7.151566e+001
+1.996748e+003	   -7.074689e+001
+1.998749e+003	   -7.171328e+001
+2.000750e+003	   -7.142103e+001
+2.002751e+003	   -7.222656e+001
+2.004752e+003	   -7.151820e+001
+2.006753e+003	   -7.285908e+001
+2.008754e+003	   -7.347176e+001
+2.010755e+003	   -7.198862e+001
+2.012756e+003	   -7.340092e+001
+2.014757e+003	   -7.333704e+001
+2.016758e+003	   -7.221124e+001
+2.018759e+003	   -7.404927e+001
+2.020760e+003	   -7.410252e+001
+2.022761e+003	   -7.302563e+001
+2.024762e+003	   -7.420200e+001
+2.026763e+003	   -7.527121e+001
+2.028764e+003	   -7.436623e+001
+2.030765e+003	   -7.440749e+001
+2.032766e+003	   -7.373119e+001
+2.034767e+003	   -7.691885e+001
+2.036768e+003	   -7.640524e+001
+2.038769e+003	   -7.542477e+001
+2.040770e+003	   -7.570557e+001
+2.042771e+003	   -7.687198e+001
+2.044772e+003	   -7.781852e+001
+2.046773e+003	   -7.802814e+001
+2.048774e+003	   -7.858761e+001
+2.050775e+003	   -7.931633e+001
+2.052776e+003	   -7.925771e+001
+2.054777e+003	   -7.940225e+001
+2.056778e+003	   -8.187833e+001
+2.058779e+003	   -8.062678e+001
+2.060780e+003	   -8.130982e+001
+2.062781e+003	   -8.307231e+001
+2.064782e+003	   -7.725922e+001
+2.066783e+003	   -8.163918e+001
+2.068784e+003	   -8.259871e+001
+2.070785e+003	   -8.632258e+001
+2.072786e+003	   -8.373195e+001
+2.074787e+003	   -8.351046e+001
+2.076788e+003	   -8.614524e+001
+2.078789e+003	   -8.824684e+001
+2.080790e+003	   -8.383802e+001
+2.082792e+003	   -8.608316e+001
+2.084792e+003	   -8.497662e+001
+2.086793e+003	   -8.744990e+001
+2.088794e+003	   -9.028702e+001
+2.090795e+003	   -9.024917e+001
+2.092796e+003	   -9.390518e+001
+2.094797e+003	   -8.880711e+001
+2.096798e+003	   -8.399474e+001
+2.098799e+003	   -9.157089e+001
+2.100800e+003	   -8.900777e+001
+2.102802e+003	   -9.007745e+001
+2.104802e+003	   -8.668723e+001
+2.106803e+003	   -8.632928e+001
+2.108804e+003	   -8.912030e+001
+2.110805e+003	   -9.265146e+001
+2.112806e+003	   -8.749434e+001
+2.114807e+003	   -9.727961e+001
+2.116808e+003	   -8.763942e+001
+2.118809e+003	   -8.503374e+001
+2.120810e+003	   -8.941325e+001
+2.122812e+003	   -8.826305e+001
+2.124813e+003	   -8.346705e+001
+2.126813e+003	   -8.986039e+001
+2.128814e+003	   -8.902339e+001
+2.130815e+003	   -8.790112e+001
+2.132816e+003	   -8.233720e+001
+2.134817e+003	   -8.799650e+001
+2.136818e+003	   -8.182631e+001
+2.138819e+003	   -8.128104e+001
+2.140820e+003	   -9.606981e+001
+2.142821e+003	   -8.578503e+001
+2.144823e+003	   -8.332437e+001
+2.146823e+003	   -8.410383e+001
+2.148824e+003	   -8.364573e+001
+2.150825e+003	   -8.275952e+001
+2.152826e+003	   -8.389634e+001
+2.154827e+003	   -8.361177e+001
+2.156828e+003	   -8.324313e+001
+2.158829e+003	   -8.247253e+001
+2.160830e+003	   -8.213122e+001
+2.162831e+003	   -8.004395e+001
+2.164833e+003	   -8.126252e+001
+2.166833e+003	   -8.277604e+001
+2.168834e+003	   -8.193301e+001
+2.170835e+003	   -8.390485e+001
+2.172836e+003	   -8.434727e+001
+2.174837e+003	   -8.272055e+001
+2.176838e+003	   -8.722894e+001
+2.178839e+003	   -8.250910e+001
+2.180840e+003	   -8.198543e+001
+2.182841e+003	   -8.320194e+001
+2.184843e+003	   -8.549631e+001
+2.186844e+003	   -8.864108e+001
+2.188844e+003	   -8.544543e+001
+2.190845e+003	   -8.556627e+001
+2.192846e+003	   -8.235670e+001
+2.194847e+003	   -8.153897e+001
+2.196848e+003	   -8.725918e+001
+2.198849e+003	   -8.562788e+001
+2.200850e+003	   -8.412961e+001
+2.202851e+003	   -8.847356e+001
+2.204853e+003	   -9.275685e+001
+2.206854e+003	   -8.647574e+001
+2.208854e+003	   -9.830199e+001
+2.210855e+003	   -9.213908e+001
+2.212856e+003	   -9.364632e+001
+2.214857e+003	   -8.666688e+001
+2.216858e+003	   -1.000682e+002
+2.218859e+003	   -1.062494e+002
+2.220860e+003	   -9.352588e+001
+2.222861e+003	   -9.748116e+001
+2.224863e+003	   -8.882246e+001
+2.226864e+003	   -9.153196e+001
+2.228865e+003	   -9.479713e+001
+2.230865e+003	   -8.747565e+001
+2.232866e+003	   -8.570538e+001
+2.234867e+003	   -8.690455e+001
+2.236868e+003	   -8.615516e+001
+2.238869e+003	   -9.008752e+001
+2.240870e+003	   -8.466338e+001
+2.242871e+003	   -8.252976e+001
+2.244872e+003	   -8.032435e+001
+2.246874e+003	   -8.130671e+001
+2.248875e+003	   -8.306535e+001
+2.250875e+003	   -8.134196e+001
+2.252876e+003	   -7.926947e+001
+2.254877e+003	   -7.780900e+001
+2.256878e+003	   -7.955970e+001
+2.258879e+003	   -7.732870e+001
+2.260880e+003	   -7.977693e+001
+2.262881e+003	   -7.876086e+001
+2.264882e+003	   -7.819309e+001
+2.266884e+003	   -7.887528e+001
+2.268885e+003	   -7.646614e+001
+2.270885e+003	   -7.725643e+001
+2.272886e+003	   -7.915448e+001
+2.274887e+003	   -7.699431e+001
+2.276888e+003	   -7.542654e+001
+2.278889e+003	   -7.592591e+001
+2.280890e+003	   -8.100555e+001
+2.282891e+003	   -7.768630e+001
+2.284892e+003	   -7.590759e+001
+2.286894e+003	   -7.866560e+001
+2.288895e+003	   -7.652614e+001
+2.290896e+003	   -7.677396e+001
+2.292896e+003	   -7.850368e+001
+2.294897e+003	   -7.639304e+001
+2.296898e+003	   -7.632436e+001
+2.298899e+003	   -7.735334e+001
+2.300900e+003	   -8.037067e+001
+2.302901e+003	   -8.180930e+001
+2.304902e+003	   -7.726712e+001
+2.306904e+003	   -8.018184e+001
+2.308905e+003	   -7.811444e+001
+2.310906e+003	   -7.948466e+001
+2.312906e+003	   -8.054229e+001
+2.314907e+003	   -7.979556e+001
+2.316908e+003	   -8.018633e+001
+2.318909e+003	   -8.268489e+001
+2.320910e+003	   -8.194115e+001
+2.322911e+003	   -8.365414e+001
+2.324912e+003	   -8.661930e+001
+2.326914e+003	   -8.274597e+001
+2.328915e+003	   -8.455663e+001
+2.330916e+003	   -8.487786e+001
+2.332917e+003	   -9.001678e+001
+2.334917e+003	   -9.288863e+001
+2.336918e+003	   -1.027455e+002
+2.338919e+003	   -9.898971e+001
+2.340920e+003	   -9.100340e+001
+2.342921e+003	   -8.293973e+001
+2.344922e+003	   -8.603834e+001
+2.346923e+003	   -8.246466e+001
+2.348925e+003	   -8.398391e+001
+2.350926e+003	   -7.975927e+001
+2.352927e+003	   -8.127765e+001
+2.354927e+003	   -7.965429e+001
+2.356928e+003	   -7.884091e+001
+2.358929e+003	   -7.714220e+001
+2.360930e+003	   -7.763765e+001
+2.362931e+003	   -7.684413e+001
+2.364932e+003	   -7.685509e+001
+2.366933e+003	   -7.603889e+001
+2.368935e+003	   -7.547301e+001
+2.370936e+003	   -7.400703e+001
+2.372937e+003	   -7.341765e+001
+2.374938e+003	   -7.441093e+001
+2.376938e+003	   -7.293404e+001
+2.378939e+003	   -7.312450e+001
+2.380940e+003	   -7.324118e+001
+2.382941e+003	   -7.251962e+001
+2.384942e+003	   -7.151144e+001
+2.386943e+003	   -7.075340e+001
+2.388945e+003	   -7.058949e+001
+2.390946e+003	   -7.110865e+001
+2.392947e+003	   -6.962868e+001
+2.394948e+003	   -7.017872e+001
+2.396948e+003	   -6.947079e+001
+2.398949e+003	   -7.004016e+001
+2.400950e+003	   -6.944910e+001
+2.402951e+003	   -6.902766e+001
+2.404952e+003	   -6.887986e+001
+2.406953e+003	   -6.973316e+001
+2.408955e+003	   -6.942549e+001
+2.410956e+003	   -6.997496e+001
+2.412957e+003	   -6.929401e+001
+2.414958e+003	   -6.920287e+001
+2.416958e+003	   -6.891080e+001
+2.418959e+003	   -6.858728e+001
+2.420960e+003	   -6.910275e+001
+2.422961e+003	   -6.896587e+001
+2.424962e+003	   -6.909699e+001
+2.426963e+003	   -6.777589e+001
+2.428965e+003	   -6.849813e+001
+2.430966e+003	   -6.851289e+001
+2.432967e+003	   -6.762907e+001
+2.434968e+003	   -6.917724e+001
+2.436969e+003	   -6.900430e+001
+2.438969e+003	   -6.806128e+001
+2.440970e+003	   -6.868562e+001
+2.442971e+003	   -6.853904e+001
+2.444972e+003	   -6.860551e+001
+2.446973e+003	   -6.871919e+001
+2.448974e+003	   -6.895295e+001
+2.450976e+003	   -6.979636e+001
+2.452977e+003	   -6.933937e+001
+2.454978e+003	   -6.870432e+001
+2.456979e+003	   -6.991687e+001
+2.458979e+003	   -7.003728e+001
+2.460980e+003	   -7.027578e+001
+2.462981e+003	   -6.985193e+001
+2.464982e+003	   -6.960664e+001
+2.466983e+003	   -7.067310e+001
+2.468984e+003	   -7.084287e+001
+2.470986e+003	   -7.122387e+001
+2.472987e+003	   -7.034130e+001
+2.474988e+003	   -7.138329e+001
+2.476989e+003	   -7.063384e+001
+2.478990e+003	   -7.178088e+001
+2.480990e+003	   -7.138120e+001
+2.482991e+003	   -7.130583e+001
+2.484992e+003	   -7.289494e+001
+2.486993e+003	   -7.148722e+001
+2.488994e+003	   -7.236413e+001
+2.490996e+003	   -7.256622e+001
+2.492997e+003	   -7.292680e+001
+2.494998e+003	   -7.142184e+001
+2.496999e+003	   -7.616754e+001
+2.499000e+003	   -7.365137e+001
+2.501000e+003	   -7.287126e+001
+2.503001e+003	   -7.238062e+001
+2.505002e+003	   -7.269175e+001
+2.507003e+003	   -7.288712e+001
+2.509004e+003	   -7.328071e+001
+2.511006e+003	   -7.285851e+001
+2.513007e+003	   -7.287826e+001
+2.515008e+003	   -7.838905e+001
+2.517009e+003	   -7.771226e+001
+2.519010e+003	   -7.361059e+001
+2.521010e+003	   -8.507640e+001
+2.523011e+003	   -7.319510e+001
+2.525012e+003	   -8.246794e+001
+2.527013e+003	   -7.237889e+001
+2.529014e+003	   -7.881510e+001
+2.531016e+003	   -8.773121e+001
+2.533017e+003	   -7.617817e+001
+2.535018e+003	   -7.426811e+001
+2.537019e+003	   -7.220537e+001
+2.539020e+003	   -7.332898e+001
+2.541021e+003	   -7.419720e+001
+2.543021e+003	   -7.241731e+001
+2.545022e+003	   -7.648016e+001
+2.547023e+003	   -8.995296e+001
+2.549024e+003	   -7.419308e+001
+2.551026e+003	   -7.467419e+001
+2.553027e+003	   -8.539091e+001
+2.555028e+003	   -7.258312e+001
+2.557029e+003	   -9.332966e+001
+2.559030e+003	   -7.481306e+001
+2.561031e+003	   -7.505055e+001
+2.563031e+003	   -8.496521e+001
+2.565032e+003	   -8.130402e+001
+2.567033e+003	   -7.736380e+001
+2.569034e+003	   -7.562437e+001
+2.571035e+003	   -7.550576e+001
+2.573037e+003	   -7.593864e+001
+2.575038e+003	   -7.732956e+001
+2.577039e+003	   -8.105486e+001
+2.579040e+003	   -7.762368e+001
+2.581041e+003	   -7.505457e+001
+2.583042e+003	   -7.843166e+001
+2.585042e+003	   -7.561714e+001
+2.587043e+003	   -7.539183e+001
+2.589044e+003	   -7.657247e+001
+2.591045e+003	   -7.906989e+001
+2.593047e+003	   -7.548586e+001
+2.595048e+003	   -7.495027e+001
+2.597049e+003	   -7.737634e+001
+2.599050e+003	   -7.579499e+001
+2.601051e+003	   -7.710984e+001
+2.603052e+003	   -7.634859e+001
+2.605052e+003	   -7.557014e+001
+2.607053e+003	   -7.600221e+001
+2.609054e+003	   -7.648177e+001
+2.611055e+003	   -7.670033e+001
+2.613057e+003	   -7.681373e+001
+2.615058e+003	   -7.476620e+001
+2.617059e+003	   -7.615091e+001
+2.619060e+003	   -7.576817e+001
+2.621061e+003	   -7.646389e+001
+2.623062e+003	   -7.584820e+001
+2.625063e+003	   -7.674530e+001
+2.627063e+003	   -7.805447e+001
+2.629064e+003	   -7.617662e+001
+2.631065e+003	   -7.490229e+001
+2.633067e+003	   -7.610180e+001
+2.635068e+003	   -7.527652e+001
+2.637069e+003	   -7.694012e+001
+2.639070e+003	   -7.682035e+001
+2.641071e+003	   -7.540157e+001
+2.643072e+003	   -7.931800e+001
+2.645073e+003	   -7.939691e+001
+2.647073e+003	   -7.958511e+001
+2.649074e+003	   -7.899010e+001
+2.651075e+003	   -8.098280e+001
+2.653077e+003	   -8.170724e+001
+2.655078e+003	   -8.087115e+001
+2.657079e+003	   -8.497221e+001
+2.659080e+003	   -8.291837e+001
+2.661081e+003	   -9.017096e+001
+2.663082e+003	   -9.642789e+001
+2.665083e+003	   -9.387259e+001
+2.667083e+003	   -9.421391e+001
+2.669084e+003	   -9.238303e+001
+2.671085e+003	   -8.928940e+001
+2.673086e+003	   -1.071238e+002
+2.675088e+003	   -1.090868e+002
+2.677089e+003	   -8.503257e+001
+2.679090e+003	   -8.762009e+001
+2.681091e+003	   -8.728277e+001
+2.683092e+003	   -8.199004e+001
+2.685093e+003	   -7.963863e+001
+2.687094e+003	   -7.816180e+001
+2.689094e+003	   -7.770867e+001
+2.691095e+003	   -7.800567e+001
+2.693096e+003	   -7.745117e+001
+2.695098e+003	   -7.604767e+001
+2.697099e+003	   -7.631425e+001
+2.699100e+003	   -7.473402e+001
+2.701101e+003	   -7.385178e+001
+2.703102e+003	   -7.349524e+001
+2.705103e+003	   -7.422702e+001
+2.707104e+003	   -7.276899e+001
+2.709104e+003	   -7.238353e+001
+2.711105e+003	   -7.221850e+001
+2.713106e+003	   -7.178292e+001
+2.715108e+003	   -7.106052e+001
+2.717109e+003	   -7.058878e+001
+2.719110e+003	   -6.998209e+001
+2.721111e+003	   -7.066966e+001
+2.723112e+003	   -7.010419e+001
+2.725113e+003	   -6.983169e+001
+2.727114e+003	   -6.964293e+001
+2.729115e+003	   -6.934515e+001
+2.731115e+003	   -6.877245e+001
+2.733116e+003	   -6.822919e+001
+2.735118e+003	   -6.842694e+001
+2.737119e+003	   -6.820896e+001
+2.739120e+003	   -6.803445e+001
+2.741121e+003	   -6.832628e+001
+2.743122e+003	   -6.757861e+001
+2.745123e+003	   -6.800648e+001
+2.747124e+003	   -6.693727e+001
+2.749125e+003	   -6.816313e+001
+2.751125e+003	   -6.748647e+001
+2.753126e+003	   -6.772893e+001
+2.755128e+003	   -6.748534e+001
+2.757129e+003	   -6.756293e+001
+2.759130e+003	   -6.737202e+001
+2.761131e+003	   -6.667890e+001
+2.763132e+003	   -6.679202e+001
+2.765133e+003	   -6.738424e+001
+2.767134e+003	   -6.749675e+001
+2.769135e+003	   -6.737943e+001
+2.771135e+003	   -6.758854e+001
+2.773136e+003	   -6.713327e+001
+2.775137e+003	   -6.787872e+001
+2.777139e+003	   -6.800599e+001
+2.779140e+003	   -6.786987e+001
+2.781141e+003	   -6.872305e+001
+2.783142e+003	   -6.831812e+001
+2.785143e+003	   -6.883221e+001
+2.787144e+003	   -6.859499e+001
+2.789145e+003	   -6.862495e+001
+2.791146e+003	   -6.891014e+001
+2.793146e+003	   -6.955521e+001
+2.795147e+003	   -6.924915e+001
+2.797149e+003	   -6.979760e+001
+2.799150e+003	   -7.002883e+001
+2.801151e+003	   -7.061430e+001
+2.803152e+003	   -7.042905e+001
+2.805153e+003	   -7.130548e+001
+2.807154e+003	   -7.223516e+001
+2.809155e+003	   -7.296228e+001
+2.811156e+003	   -7.210391e+001
+2.813156e+003	   -7.284815e+001
+2.815157e+003	   -7.345780e+001
+2.817159e+003	   -7.507864e+001
+2.819160e+003	   -7.473084e+001
+2.821161e+003	   -7.580927e+001
+2.823162e+003	   -7.806977e+001
+2.825163e+003	   -7.822012e+001
+2.827164e+003	   -7.601238e+001
+2.829165e+003	   -7.977863e+001
+2.831166e+003	   -7.973747e+001
+2.833167e+003	   -8.294518e+001
+2.835167e+003	   -8.682401e+001
+2.837169e+003	   -8.739690e+001
+2.839170e+003	   -9.064423e+001
+2.841171e+003	   -9.605115e+001
+2.843172e+003	   -8.963849e+001
+2.845173e+003	   -9.122662e+001
+2.847174e+003	   -9.063640e+001
+2.849175e+003	   -8.625185e+001
+2.851176e+003	   -8.169688e+001
+2.853177e+003	   -8.036583e+001
+2.855177e+003	   -7.901996e+001
+2.857179e+003	   -7.730402e+001
+2.859180e+003	   -7.833362e+001
+2.861181e+003	   -7.612584e+001
+2.863182e+003	   -7.712652e+001
+2.865183e+003	   -7.571490e+001
+2.867184e+003	   -7.497356e+001
+2.869185e+003	   -7.425178e+001
+2.871186e+003	   -7.351324e+001
+2.873187e+003	   -7.459193e+001
+2.875188e+003	   -7.222779e+001
+2.877188e+003	   -7.278922e+001
+2.879190e+003	   -7.333826e+001
+2.881191e+003	   -7.181819e+001
+2.883192e+003	   -7.140219e+001
+2.885193e+003	   -7.023973e+001
+2.887194e+003	   -7.195799e+001
+2.889195e+003	   -7.121813e+001
+2.891196e+003	   -7.045346e+001
+2.893197e+003	   -7.105756e+001
+2.895198e+003	   -7.092667e+001
+2.897198e+003	   -7.022452e+001
+2.899200e+003	   -7.012449e+001
+2.901201e+003	   -7.008632e+001
+2.903202e+003	   -7.052796e+001
+2.905203e+003	   -7.027773e+001
+2.907204e+003	   -7.017174e+001
+2.909205e+003	   -6.988470e+001
+2.911206e+003	   -7.045184e+001
+2.913207e+003	   -7.056139e+001
+2.915208e+003	   -7.009167e+001
+2.917208e+003	   -7.060752e+001
+2.919210e+003	   -6.983478e+001
+2.921211e+003	   -7.044870e+001
+2.923212e+003	   -7.054671e+001
+2.925213e+003	   -7.020884e+001
+2.927214e+003	   -7.089395e+001
+2.929215e+003	   -7.139500e+001
+2.931216e+003	   -7.092980e+001
+2.933217e+003	   -7.184840e+001
+2.935218e+003	   -7.178080e+001
+2.937219e+003	   -7.241428e+001
+2.939220e+003	   -7.263295e+001
+2.941221e+003	   -7.177573e+001
+2.943222e+003	   -7.265910e+001
+2.945223e+003	   -7.366237e+001
+2.947224e+003	   -7.364416e+001
+2.949225e+003	   -7.526910e+001
+2.951226e+003	   -7.507774e+001
+2.953227e+003	   -7.520850e+001
+2.955228e+003	   -7.563766e+001
+2.957229e+003	   -7.510527e+001
+2.959230e+003	   -7.626652e+001
+2.961231e+003	   -7.778248e+001
+2.963232e+003	   -7.843123e+001
+2.965233e+003	   -8.168843e+001
+2.967234e+003	   -7.954796e+001
+2.969235e+003	   -8.170930e+001
+2.971236e+003	   -8.413875e+001
+2.973237e+003	   -8.172711e+001
+2.975238e+003	   -9.374732e+001
+2.977239e+003	   -8.970625e+001
+2.979240e+003	   -1.101732e+002
+2.981241e+003	   -1.029898e+002
+2.983242e+003	   -9.911135e+001
+2.985243e+003	   -9.724694e+001
+2.987244e+003	   -9.087566e+001
+2.989245e+003	   -9.036750e+001
+2.991246e+003	   -8.397845e+001
+2.993247e+003	   -8.332046e+001
+2.995248e+003	   -7.927932e+001
+2.997249e+003	   -7.782412e+001
+2.999250e+003	   -8.041808e+001
+3.001251e+003	   -7.860548e+001
+3.003252e+003	   -7.948045e+001
+3.005253e+003	   -7.657149e+001
+3.007254e+003	   -7.692845e+001
+3.009255e+003	   -7.472967e+001
+3.011256e+003	   -7.472015e+001
+3.013257e+003	   -7.361818e+001
+3.015258e+003	   -7.507055e+001
+3.017259e+003	   -7.339754e+001
+3.019260e+003	   -7.299688e+001
+3.021261e+003	   -7.337494e+001
+3.023262e+003	   -7.226274e+001
+3.025263e+003	   -7.139005e+001
+3.027264e+003	   -7.172247e+001
+3.029265e+003	   -7.299679e+001
+3.031266e+003	   -7.179044e+001
+3.033267e+003	   -7.064555e+001
+3.035268e+003	   -7.013287e+001
+3.037269e+003	   -7.062231e+001
+3.039270e+003	   -7.015069e+001
+3.041271e+003	   -6.970087e+001
+3.043272e+003	   -6.961521e+001
+3.045273e+003	   -6.936117e+001
+3.047274e+003	   -6.952774e+001
+3.049275e+003	   -6.908128e+001
+3.051276e+003	   -6.948474e+001
+3.053277e+003	   -6.912056e+001
+3.055278e+003	   -6.964868e+001
+3.057279e+003	   -6.876669e+001
+3.059280e+003	   -6.840258e+001
+3.061281e+003	   -6.934624e+001
+3.063282e+003	   -6.920103e+001
+3.065283e+003	   -6.912484e+001
+3.067284e+003	   -6.898801e+001
+3.069285e+003	   -6.869577e+001
+3.071286e+003	   -6.881015e+001
+3.073287e+003	   -6.898645e+001
+3.075288e+003	   -6.937072e+001
+3.077289e+003	   -6.875014e+001
+3.079290e+003	   -6.984649e+001
+3.081291e+003	   -6.984212e+001
+3.083292e+003	   -6.961816e+001
+3.085293e+003	   -6.829398e+001
+3.087294e+003	   -6.961178e+001
+3.089295e+003	   -6.964680e+001
+3.091296e+003	   -6.934775e+001
+3.093297e+003	   -6.973929e+001
+3.095298e+003	   -6.895840e+001
+3.097299e+003	   -7.034602e+001
+3.099300e+003	   -6.967266e+001
+3.101301e+003	   -7.020977e+001
+3.103302e+003	   -7.019485e+001
+3.105303e+003	   -7.113255e+001
+3.107304e+003	   -7.094413e+001
+3.109305e+003	   -7.086900e+001
+3.111306e+003	   -7.061562e+001
+3.113307e+003	   -7.103210e+001
+3.115308e+003	   -7.078011e+001
+3.117309e+003	   -7.178941e+001
+3.119310e+003	   -7.261978e+001
+3.121311e+003	   -7.206414e+001
+3.123312e+003	   -7.333083e+001
+3.125313e+003	   -7.275848e+001
+3.127314e+003	   -7.366335e+001
+3.129315e+003	   -7.326064e+001
+3.131316e+003	   -7.460435e+001
+3.133317e+003	   -7.498654e+001
+3.135318e+003	   -7.322395e+001
+3.137319e+003	   -7.500941e+001
+3.139320e+003	   -7.428786e+001
+3.141321e+003	   -7.594402e+001
+3.143322e+003	   -7.587448e+001
+3.145323e+003	   -7.461941e+001
+3.147324e+003	   -7.609784e+001
+3.149325e+003	   -7.865485e+001
+3.151326e+003	   -8.558072e+001
+3.153327e+003	   -7.549633e+001
+3.155328e+003	   -8.063944e+001
+3.157329e+003	   -7.827934e+001
+3.159330e+003	   -8.756881e+001
+3.161331e+003	   -7.994139e+001
+3.163332e+003	   -9.171561e+001
+3.165333e+003	   -7.883427e+001
+3.167334e+003	   -7.974400e+001
+3.169335e+003	   -8.080870e+001
+3.171336e+003	   -8.277206e+001
+3.173337e+003	   -8.300259e+001
+3.175338e+003	   -8.284354e+001
+3.177339e+003	   -8.148698e+001
+3.179340e+003	   -8.336562e+001
+3.181341e+003	   -8.125936e+001
+3.183342e+003	   -8.322322e+001
+3.185343e+003	   -8.174975e+001
+3.187344e+003	   -8.198014e+001
+3.189345e+003	   -8.460587e+001
+3.191346e+003	   -8.284219e+001
+3.193347e+003	   -8.256766e+001
+3.195348e+003	   -7.792896e+001
+3.197349e+003	   -8.242667e+001
+3.199350e+003	   -9.993398e+001
+3.201351e+003	   -8.536050e+001
+3.203352e+003	   -8.349550e+001
+3.205353e+003	   -8.119848e+001
+3.207354e+003	   -8.306622e+001
+3.209355e+003	   -8.188074e+001
+3.211356e+003	   -9.624110e+001
+3.213357e+003	   -8.775108e+001
+3.215358e+003	   -8.740473e+001
+3.217359e+003	   -8.546365e+001
+3.219360e+003	   -8.468996e+001
+3.221361e+003	   -8.300383e+001
+3.223362e+003	   -8.639176e+001
+3.225363e+003	   -9.453897e+001
+3.227364e+003	   -9.155009e+001
+3.229365e+003	   -9.844743e+001
+3.231366e+003	   -9.537090e+001
+3.233367e+003	   -9.649923e+001
+3.235368e+003	   -9.367276e+001
+3.237369e+003	   -1.053972e+002
+3.239370e+003	   -8.950153e+001
+3.241371e+003	   -9.427568e+001
+3.243372e+003	   -9.163747e+001
+3.245373e+003	   -8.858036e+001
+3.247374e+003	   -9.190551e+001
+3.249375e+003	   -8.529880e+001
+3.251376e+003	   -8.547688e+001
+3.253377e+003	   -8.181022e+001
+3.255378e+003	   -8.408035e+001
+3.257379e+003	   -8.021120e+001
+3.259380e+003	   -8.013801e+001
+3.261381e+003	   -8.156805e+001
+3.263382e+003	   -7.880753e+001
+3.265383e+003	   -7.684020e+001
+3.267384e+003	   -7.686877e+001
+3.269385e+003	   -7.631430e+001
+3.271386e+003	   -7.624684e+001
+3.273387e+003	   -7.585178e+001
+3.275388e+003	   -7.616808e+001
+3.277389e+003	   -7.588766e+001
+3.279390e+003	   -7.369114e+001
+3.281391e+003	   -7.451966e+001
+3.283392e+003	   -7.395600e+001
+3.285393e+003	   -7.463649e+001
+3.287394e+003	   -7.494398e+001
+3.289395e+003	   -7.307465e+001
+3.291396e+003	   -7.301556e+001
+3.293397e+003	   -7.309357e+001
+3.295398e+003	   -7.251774e+001
+3.297399e+003	   -7.237106e+001
+3.299400e+003	   -7.222322e+001
+3.301401e+003	   -7.286201e+001
+3.303402e+003	   -7.225271e+001
+3.305403e+003	   -7.319366e+001
+3.307404e+003	   -7.322334e+001
+3.309405e+003	   -7.350658e+001
+3.311406e+003	   -7.316782e+001
+3.313407e+003	   -7.401329e+001
+3.315408e+003	   -7.383881e+001
+3.317409e+003	   -7.347357e+001
+3.319410e+003	   -7.472302e+001
+3.321411e+003	   -7.366244e+001
+3.323412e+003	   -7.429608e+001
+3.325413e+003	   -7.492741e+001
+3.327414e+003	   -7.450074e+001
+3.329415e+003	   -7.735160e+001
+3.331416e+003	   -7.773724e+001
+3.333417e+003	   -7.793432e+001
+3.335418e+003	   -7.908430e+001
+3.337419e+003	   -8.077767e+001
+3.339420e+003	   -8.023169e+001
+3.341421e+003	   -8.488206e+001
+3.343422e+003	   -8.347699e+001
+3.345423e+003	   -8.827615e+001
+3.347424e+003	   -8.969765e+001
+3.349425e+003	   -9.341760e+001
+3.351426e+003	   -9.248660e+001
+3.353427e+003	   -8.781886e+001
+3.355428e+003	   -8.671980e+001
+3.357429e+003	   -8.041221e+001
+3.359430e+003	   -7.871432e+001
+3.361431e+003	   -7.836446e+001
+3.363432e+003	   -7.725115e+001
+3.365433e+003	   -7.520213e+001
+3.367434e+003	   -7.455014e+001
+3.369435e+003	   -7.381277e+001
+3.371436e+003	   -7.242856e+001
+3.373437e+003	   -7.190498e+001
+3.375438e+003	   -7.209991e+001
+3.377439e+003	   -7.154277e+001
+3.379440e+003	   -7.121621e+001
+3.381441e+003	   -6.990873e+001
+3.383442e+003	   -6.968357e+001
+3.385443e+003	   -6.973609e+001
+3.387444e+003	   -6.953137e+001
+3.389445e+003	   -6.905068e+001
+3.391446e+003	   -6.879241e+001
+3.393447e+003	   -6.824440e+001
+3.395448e+003	   -6.881870e+001
+3.397449e+003	   -6.862327e+001
+3.399450e+003	   -6.846516e+001
+3.401451e+003	   -6.767469e+001
+3.403452e+003	   -6.806393e+001
+3.405453e+003	   -6.796824e+001
+3.407454e+003	   -6.903136e+001
+3.409455e+003	   -6.816502e+001
+3.411456e+003	   -6.890571e+001
+3.413457e+003	   -6.891720e+001
+3.415458e+003	   -6.918607e+001
+3.417459e+003	   -6.908202e+001
+3.419460e+003	   -6.974339e+001
+3.421461e+003	   -7.035475e+001
+3.423462e+003	   -7.133574e+001
+3.425463e+003	   -7.197266e+001
+3.427464e+003	   -7.225694e+001
+3.429465e+003	   -7.234118e+001
+3.431466e+003	   -7.357478e+001
+3.433467e+003	   -7.612853e+001
+3.435468e+003	   -7.877065e+001
+3.437469e+003	   -7.768891e+001
+3.439470e+003	   -8.832199e+001
+3.441471e+003	   -9.732207e+001
+3.443472e+003	   -9.158632e+001
+3.445473e+003	   -8.554875e+001
+3.447474e+003	   -8.128636e+001
+3.449475e+003	   -7.620670e+001
+3.451476e+003	   -7.417429e+001
+3.453477e+003	   -7.308029e+001
+3.455478e+003	   -7.126289e+001
+3.457479e+003	   -7.052126e+001
+3.459480e+003	   -6.912514e+001
+3.461481e+003	   -6.849223e+001
+3.463482e+003	   -6.781889e+001
+3.465483e+003	   -6.741712e+001
+3.467484e+003	   -6.641878e+001
+3.469485e+003	   -6.627346e+001
+3.471486e+003	   -6.574540e+001
+3.473487e+003	   -6.532229e+001
+3.475488e+003	   -6.525237e+001
+3.477489e+003	   -6.513713e+001
+3.479490e+003	   -6.447380e+001
+3.481491e+003	   -6.496339e+001
+3.483492e+003	   -6.525582e+001
+3.485493e+003	   -6.558525e+001
+3.487494e+003	   -6.548772e+001
+3.489495e+003	   -6.634181e+001
+3.491496e+003	   -6.722294e+001
+3.493497e+003	   -6.820754e+001
+3.495498e+003	   -7.075875e+001
+3.497499e+003	   -7.387592e+001
+3.499500e+003	   -8.065164e+001
+3.501501e+003	   -8.888770e+001
+3.503502e+003	   -7.949881e+001
+3.505503e+003	   -7.029143e+001
+3.507504e+003	   -6.697794e+001
+3.509505e+003	   -6.390885e+001
+3.511506e+003	   -6.177734e+001
+3.513507e+003	   -5.956549e+001
+3.515508e+003	   -5.770946e+001
+3.517509e+003	   -5.587655e+001
+3.519510e+003	   -5.433199e+001
+3.521511e+003	   -5.306672e+001
+3.523512e+003	   -5.170131e+001
+3.525513e+003	   -5.065803e+001
+3.527514e+003	   -4.945864e+001
+3.529515e+003	   -4.833113e+001
+3.531516e+003	   -4.727752e+001
+3.533517e+003	   -4.636506e+001
+3.535518e+003	   -4.540897e+001
+3.537519e+003	   -4.455160e+001
+3.539520e+003	   -4.359393e+001
+3.541521e+003	   -4.274861e+001
+3.543522e+003	   -4.201022e+001
+3.545523e+003	   -4.116206e+001
+3.547524e+003	   -4.038026e+001
+3.549525e+003	   -3.964096e+001
+3.551526e+003	   -3.891471e+001
+3.553527e+003	   -3.821506e+001
+3.555528e+003	   -3.757033e+001
+3.557529e+003	   -3.686131e+001
+3.559530e+003	   -3.620201e+001
+3.561531e+003	   -3.556982e+001
+3.563532e+003	   -3.495462e+001
+3.565533e+003	   -3.439103e+001
+3.567534e+003	   -3.374346e+001
+3.569535e+003	   -3.317080e+001
+3.571536e+003	   -3.259452e+001
+3.573537e+003	   -3.202887e+001
+3.575538e+003	   -3.149709e+001
+3.577539e+003	   -3.096626e+001
+3.579540e+003	   -3.042780e+001
+3.581541e+003	   -2.991336e+001
+3.583542e+003	   -2.945020e+001
+3.585543e+003	   -2.891080e+001
+3.587544e+003	   -2.842440e+001
+3.589545e+003	   -2.798618e+001
+3.591546e+003	   -2.752114e+001
+3.593547e+003	   -2.704917e+001
+3.595548e+003	   -2.656229e+001
+3.597549e+003	   -2.611509e+001
+3.599550e+003	   -2.566500e+001
+3.601551e+003	   -2.524163e+001
+3.603552e+003	   -2.481462e+001
+3.605553e+003	   -2.440170e+001
+3.607554e+003	   -2.398453e+001
+3.609555e+003	   -2.357899e+001
+3.611556e+003	   -2.318141e+001
+3.613557e+003	   -2.278927e+001
+3.615558e+003	   -2.242935e+001
+3.617559e+003	   -2.201769e+001
+3.619560e+003	   -2.164796e+001
+3.621561e+003	   -2.127529e+001
+3.623562e+003	   -2.091392e+001
+3.625563e+003	   -2.055432e+001
+3.627564e+003	   -2.020143e+001
+3.629565e+003	   -1.988273e+001
+3.631566e+003	   -1.950865e+001
+3.633567e+003	   -1.917017e+001
+3.635568e+003	   -1.883743e+001
+3.637569e+003	   -1.850904e+001
+3.639570e+003	   -1.821924e+001
+3.641571e+003	   -1.786801e+001
+3.643572e+003	   -1.755521e+001
+3.645573e+003	   -1.724299e+001
+3.647574e+003	   -1.693683e+001
+3.649575e+003	   -1.663387e+001
+3.651576e+003	   -1.633566e+001
+3.653577e+003	   -1.604900e+001
+3.655578e+003	   -1.575986e+001
+3.657579e+003	   -1.547593e+001
+3.659580e+003	   -1.519635e+001
+3.661581e+003	   -1.491820e+001
+3.663582e+003	   -1.464782e+001
+3.665583e+003	   -1.437928e+001
+3.667584e+003	   -1.411301e+001
+3.669585e+003	   -1.384995e+001
+3.671586e+003	   -1.359290e+001
+3.673587e+003	   -1.333908e+001
+3.675588e+003	   -1.308726e+001
+3.677589e+003	   -1.284296e+001
+3.679590e+003	   -1.260052e+001
+3.681591e+003	   -1.236177e+001
+3.683592e+003	   -1.212370e+001
+3.685593e+003	   -1.189138e+001
+3.687594e+003	   -1.166189e+001
+3.689595e+003	   -1.143510e+001
+3.691596e+003	   -1.121267e+001
+3.693597e+003	   -1.099180e+001
+3.695598e+003	   -1.077249e+001
+3.697599e+003	   -1.055823e+001
+3.699600e+003	   -1.034673e+001
+3.701601e+003	   -1.013851e+001
+3.703602e+003	   -9.936300e+000
+3.705603e+003	   -9.736053e+000
+3.707604e+003	   -9.537279e+000
+3.709605e+003	   -9.357612e+000
+3.711606e+003	   -9.146640e+000
+3.713607e+003	   -8.953539e+000
+3.715608e+003	   -8.769057e+000
+3.717609e+003	   -8.585974e+000
+3.719610e+003	   -8.405339e+000
+3.721611e+003	   -8.224979e+000
+3.723612e+003	   -8.045353e+000
+3.725613e+003	   -7.872724e+000
+3.727614e+003	   -7.699074e+000
+3.729615e+003	   -7.532508e+000
+3.731616e+003	   -7.365113e+000
+3.733617e+003	   -7.204481e+000
+3.735618e+003	   -7.041363e+000
+3.737619e+003	   -6.883034e+000
+3.739620e+003	   -6.728932e+000
+3.741621e+003	   -6.575312e+000
+3.743622e+003	   -6.427111e+000
+3.745623e+003	   -6.277874e+000
+3.747624e+003	   -6.142673e+000
+3.749625e+003	   -5.984748e+000
+3.751626e+003	   -5.844198e+000
+3.753627e+003	   -5.705192e+000
+3.755628e+003	   -5.581945e+000
+3.757629e+003	   -5.446311e+000
+3.759630e+003	   -5.300948e+000
+3.761631e+003	   -5.172652e+000
+3.763632e+003	   -5.040156e+000
+3.765633e+003	   -4.914356e+000
+3.767634e+003	   -4.804238e+000
+3.769635e+003	   -4.669949e+000
+3.771636e+003	   -4.548130e+000
+3.773637e+003	   -4.428472e+000
+3.775638e+003	   -4.315325e+000
+3.777639e+003	   -4.200181e+000
+3.779640e+003	   -4.101263e+000
+3.781641e+003	   -3.982022e+000
+3.783642e+003	   -3.878353e+000
+3.785643e+003	   -3.773878e+000
+3.787644e+003	   -3.666598e+000
+3.789645e+003	   -3.569821e+000
+3.791646e+003	   -3.468492e+000
+3.793647e+003	   -3.381999e+000
+3.795648e+003	   -3.282719e+000
+3.797649e+003	   -3.184898e+000
+3.799650e+003	   -3.088735e+000
+3.801651e+003	   -2.994671e+000
+3.803652e+003	   -2.908292e+000
+3.805653e+003	   -2.832539e+000
+3.807654e+003	   -2.748883e+000
+3.809655e+003	   -2.666319e+000
+3.811656e+003	   -2.575530e+000
+3.813657e+003	   -2.494545e+000
+3.815658e+003	   -2.423940e+000
+3.817659e+003	   -2.344289e+000
+3.819660e+003	   -2.268054e+000
+3.821661e+003	   -2.191793e+000
+3.823662e+003	   -2.124772e+000
+3.825663e+003	   -2.057279e+000
+3.827664e+003	   -1.985551e+000
+3.829665e+003	   -1.917580e+000
+3.831666e+003	   -1.849556e+000
+3.833667e+003	   -1.785522e+000
+3.835668e+003	   -1.726635e+000
+3.837669e+003	   -1.663578e+000
+3.839670e+003	   -1.605443e+000
+3.841671e+003	   -1.547339e+000
+3.843672e+003	   -1.489426e+000
+3.845673e+003	   -1.434463e+000
+3.847674e+003	   -1.379629e+000
+3.849675e+003	   -1.332952e+000
+3.851676e+003	   -1.277038e+000
+3.853677e+003	   -1.227960e+000
+3.855678e+003	   -1.179700e+000
+3.857679e+003	   -1.135843e+000
+3.859680e+003	   -1.087325e+000
+3.861681e+003	   -1.041814e+000
+3.863682e+003	   -1.000275e+000
+3.865683e+003	   -9.602529e-001
+3.867684e+003	   -9.186004e-001
+3.869685e+003	   -8.765057e-001
+3.871686e+003	   -8.384922e-001
+3.873687e+003	   -8.047099e-001
+3.875688e+003	   -7.653239e-001
+3.877689e+003	   -7.308077e-001
+3.879690e+003	   -6.988272e-001
+3.881691e+003	   -6.670309e-001
+3.883692e+003	   -6.317666e-001
+3.885693e+003	   -6.005646e-001
+3.887694e+003	   -5.707202e-001
+3.889695e+003	   -5.416049e-001
+3.891696e+003	   -5.138881e-001
+3.893697e+003	   -4.873997e-001
+3.895698e+003	   -4.599496e-001
+3.897699e+003	   -4.372850e-001
+3.899700e+003	   -4.100003e-001
+3.901701e+003	   -3.875056e-001
+3.903702e+003	   -3.642709e-001
+3.905703e+003	   -3.425349e-001
+3.907704e+003	   -3.219781e-001
+3.909705e+003	   -3.012551e-001
+3.911706e+003	   -2.812972e-001
+3.913707e+003	   -2.622657e-001
+3.915708e+003	   -2.472255e-001
+3.917709e+003	   -2.271806e-001
+3.919710e+003	   -2.135108e-001
+3.921711e+003	   -1.951680e-001
+3.923712e+003	   -1.802742e-001
+3.925713e+003	   -1.643268e-001
+3.927714e+003	   -1.507120e-001
+3.929715e+003	   -1.375458e-001
+3.931716e+003	   -1.234812e-001
+3.933717e+003	   -1.117946e-001
+3.935718e+003	   -1.024552e-001
+3.937719e+003	   -8.803861e-002
+3.939720e+003	   -7.904156e-002
+3.941721e+003	   -6.976749e-002
+3.943722e+003	   -5.828581e-002
+3.945723e+003	   -5.137326e-002
+3.947724e+003	   -4.084149e-002
+3.949725e+003	   -3.328610e-002
+3.951726e+003	   -2.583138e-002
+3.953727e+003	   -1.761217e-002
+3.955728e+003	   -1.073208e-002
+3.957729e+003	   -6.670575e-003
+3.959730e+003	   +3.297982e-003
+3.961731e+003	   +8.584616e-003
+3.963732e+003	   +1.160216e-002
+3.965733e+003	   +1.737370e-002
+3.967734e+003	   +2.271413e-002
+3.969735e+003	   +2.608502e-002
+3.971736e+003	   +3.021583e-002
+3.973737e+003	   +3.344102e-002
+3.975738e+003	   +3.688715e-002
+3.977739e+003	   +4.053660e-002
+3.979740e+003	   +4.290754e-002
+3.981741e+003	   +4.618862e-002
+3.983742e+003	   +4.760190e-002
+3.985743e+003	   +5.080809e-002
+3.987744e+003	   +5.223962e-002
+3.989745e+003	   +5.428397e-002
+3.991746e+003	   +5.636533e-002
+3.993747e+003	   +5.727820e-002
+3.995748e+003	   +5.932199e-002
+3.997749e+003	   +6.060379e-002
+3.999750e+003	   +6.142736e-002
+4.001751e+003	   +6.250813e-002
+4.003752e+003	   +6.303561e-002
+4.005753e+003	   +6.347802e-002
+4.007754e+003	   +6.539359e-002
+4.009755e+003	   +6.437105e-002
+4.011756e+003	   +6.686248e-002
+4.013757e+003	   +6.656545e-002
+4.015758e+003	   +6.621306e-002
+4.017759e+003	   +6.626058e-002
+4.019760e+003	   +6.562041e-002
+4.021761e+003	   +6.497109e-002
+4.023762e+003	   +6.834606e-002
+4.025763e+003	   +6.580413e-002
+4.027764e+003	   +6.836189e-002
+4.029765e+003	   +6.766431e-002
+4.031766e+003	   +6.659934e-002
+4.033767e+003	   +6.666747e-002
+4.035768e+003	   +6.687763e-002
+4.037769e+003	   +6.638286e-002
+4.039770e+003	   +6.576043e-002
+4.041771e+003	   +6.537184e-002
+4.043772e+003	   +6.568189e-002
+4.045773e+003	   +6.561264e-002
+4.047774e+003	   +6.564648e-002
+4.049775e+003	   +6.503022e-002
+4.051776e+003	   +6.580495e-002
+4.053777e+003	   +6.526580e-002
+4.055778e+003	   +6.341227e-002
+4.057779e+003	   +6.554483e-002
+4.059780e+003	   +6.350119e-002
+4.061781e+003	   +6.230195e-002
+4.063782e+003	   +6.447057e-002
+4.065783e+003	   +6.388266e-002
+4.067784e+003	   +6.400718e-002
+4.069785e+003	   +6.327913e-002
+4.071786e+003	   +6.273813e-002
+4.073787e+003	   +6.334247e-002
+4.075788e+003	   +6.294235e-002
+4.077789e+003	   +6.232304e-002
+4.079790e+003	   +6.260476e-002
+4.081791e+003	   +6.282466e-002
+4.083792e+003	   +6.254458e-002
+4.085793e+003	   +6.246500e-002
+4.087794e+003	   +6.236263e-002
+4.089795e+003	   +6.272460e-002
+4.091796e+003	   +6.298041e-002
+4.093797e+003	   +6.255084e-002
+4.095798e+003	   +6.274131e-002
+4.097799e+003	   +6.281398e-002
+4.099800e+003	   +6.299903e-002
+4.101801e+003	   +6.346923e-002
+4.103802e+003	   +6.336208e-002
+4.105803e+003	   +6.330300e-002
+4.107804e+003	   +6.346177e-002
+4.109805e+003	   +6.388082e-002
+4.111806e+003	   +6.420376e-002
+4.113807e+003	   +6.391799e-002
+4.115808e+003	   +6.436121e-002
+4.117809e+003	   +6.458935e-002
+4.119810e+003	   +6.488081e-002
+4.121811e+003	   +6.505959e-002
+4.123812e+003	   +6.468255e-002
+4.125813e+003	   +6.545237e-002
+4.127814e+003	   +6.523482e-002
+4.129815e+003	   +6.605561e-002
+4.131816e+003	   +6.630311e-002
+4.133817e+003	   +6.611808e-002
+4.135818e+003	   +6.643986e-002
+4.137819e+003	   +6.674178e-002
+4.139820e+003	   +6.687801e-002
+4.141821e+003	   +6.683220e-002
+4.143822e+003	   +6.714985e-002
+4.145823e+003	   +6.762889e-002
+4.147824e+003	   +6.781671e-002
+4.149825e+003	   +6.756898e-002
+4.151826e+003	   +6.775009e-002
+4.153827e+003	   +6.774119e-002
+4.155828e+003	   +6.898413e-002
+4.157829e+003	   +6.862736e-002
+4.159830e+003	   +6.874391e-002
+4.161831e+003	   +6.867633e-002
+4.163832e+003	   +6.927793e-002
+4.165833e+003	   +6.922934e-002
+4.167834e+003	   +6.916922e-002
+4.169835e+003	   +6.981625e-002
+4.171836e+003	   +6.936765e-002
+4.173837e+003	   +6.971256e-002
+4.175838e+003	   +7.016364e-002
+4.177839e+003	   +6.992348e-002
+4.179840e+003	   +6.977074e-002
+4.181841e+003	   +7.019599e-002
+4.183842e+003	   +6.972710e-002
+4.185843e+003	   +7.045731e-002
+4.187844e+003	   +6.990137e-002
+4.189845e+003	   +6.966493e-002
+4.191846e+003	   +7.003886e-002
+4.193847e+003	   +6.993648e-002
+4.195848e+003	   +6.920488e-002
+4.197849e+003	   +7.100920e-002
+4.199850e+003	   +6.914915e-002
+4.201851e+003	   +7.141642e-002
+4.203852e+003	   +6.980159e-002
+4.205853e+003	   +6.922835e-002
+4.207854e+003	   +6.986716e-002
+4.209855e+003	   +7.041138e-002
+4.211856e+003	   +6.943681e-002
+4.213857e+003	   +7.040566e-002
+4.215858e+003	   +7.070326e-002
+4.217859e+003	   +7.043320e-002
+4.219860e+003	   +7.055436e-002
+4.221861e+003	   +7.022572e-002
+4.223862e+003	   +6.982551e-002
+4.225863e+003	   +7.008789e-002
+4.227864e+003	   +6.931336e-002
+4.229865e+003	   +7.049044e-002
+4.231866e+003	   +7.095361e-002
+4.233867e+003	   +6.962515e-002
+4.235868e+003	   +6.977786e-002
+4.237869e+003	   +7.169604e-002
+4.239870e+003	   +7.150932e-002
+4.241871e+003	   +6.835326e-002
+4.243872e+003	   +6.896205e-002
+4.245873e+003	   +7.075976e-002
+4.247874e+003	   +6.965502e-002
+4.249875e+003	   +6.965040e-002
+4.251876e+003	   +6.923391e-002
+4.253877e+003	   +6.981478e-002
+4.255878e+003	   +6.962065e-002
+4.257879e+003	   +6.950352e-002
+4.259880e+003	   +6.992587e-002
+4.261881e+003	   +6.976769e-002
+4.263882e+003	   +6.935061e-002
+4.265883e+003	   +6.973165e-002
+4.267884e+003	   +6.932964e-002
+4.269885e+003	   +6.926726e-002
+4.271886e+003	   +6.919218e-002
+4.273887e+003	   +6.943055e-002
+4.275888e+003	   +6.883109e-002
+4.277889e+003	   +6.868987e-002
+4.279890e+003	   +6.936650e-002
+4.281891e+003	   +6.887518e-002
+4.283892e+003	   +6.952716e-002
+4.285893e+003	   +6.906149e-002
+4.287894e+003	   +6.924187e-002
+4.289895e+003	   +6.870763e-002
+4.291896e+003	   +6.815505e-002
+4.293897e+003	   +6.852843e-002
+4.295898e+003	   +7.043287e-002
+4.297899e+003	   +7.019203e-002
+4.299900e+003	   +6.893481e-002
+4.301901e+003	   +6.788932e-002
+4.303902e+003	   +6.850255e-002
+4.305903e+003	   +6.854771e-002
+4.307904e+003	   +6.862440e-002
+4.309905e+003	   +6.860632e-002
+4.311906e+003	   +6.879216e-002
+4.313907e+003	   +6.890391e-002
+4.315908e+003	   +6.953245e-002
+4.317909e+003	   +6.761651e-002
+4.319910e+003	   +6.698921e-002
+4.321911e+003	   +7.098790e-002
+4.323912e+003	   +6.974230e-002
+4.325913e+003	   +6.771366e-002
+4.327914e+003	   +6.883343e-002
+4.329915e+003	   +6.878584e-002
+4.331916e+003	   +6.873822e-002
+4.333917e+003	   +6.874244e-002
+4.335918e+003	   +6.912940e-002
+4.337919e+003	   +6.925473e-002
+4.339920e+003	   +6.861247e-002
+4.341921e+003	   +6.984147e-002
+4.343922e+003	   +6.732690e-002
+4.345923e+003	   +6.927494e-002
+4.347924e+003	   +6.794316e-002
+4.349925e+003	   +6.857681e-002
+4.351926e+003	   +6.828853e-002
+4.353927e+003	   +6.831160e-002
+4.355928e+003	   +6.901069e-002
+4.357929e+003	   +6.806967e-002
+4.359930e+003	   +6.830741e-002
+4.361931e+003	   +6.798018e-002
+4.363932e+003	   +6.868103e-002
+4.365933e+003	   +6.821712e-002
+4.367934e+003	   +6.834576e-002
+4.369935e+003	   +6.829192e-002
+4.371936e+003	   +6.902936e-002
+4.373937e+003	   +6.825853e-002
+4.375938e+003	   +6.801828e-002
+4.377939e+003	   +6.802699e-002
+4.379940e+003	   +6.823574e-002
+4.381941e+003	   +6.864427e-002
+4.383942e+003	   +6.863430e-002
+4.385943e+003	   +6.805503e-002
+4.387944e+003	   +6.806554e-002
+4.389945e+003	   +6.908362e-002
+4.391946e+003	   +6.860647e-002
+4.393947e+003	   +6.852603e-002
+4.395948e+003	   +6.947435e-002
+4.397949e+003	   +6.827962e-002
+4.399950e+003	   +6.833549e-002
+4.401951e+003	   +6.891274e-002
+4.403952e+003	   +6.862634e-002
+4.405953e+003	   +6.732060e-002
+4.407954e+003	   +7.032283e-002
+4.409955e+003	   +6.997737e-002
+4.411956e+003	   +6.758513e-002
+4.413957e+003	   +6.811868e-002
+4.415958e+003	   +6.876690e-002
+4.417959e+003	   +6.924199e-002
+4.419960e+003	   +6.773537e-002
+4.421961e+003	   +6.822339e-002
+4.423962e+003	   +6.932109e-002
+4.425963e+003	   +6.894393e-002
+4.427964e+003	   +6.899546e-002
+4.429965e+003	   +6.793906e-002
+4.431966e+003	   +6.869058e-002
+4.433967e+003	   +7.043384e-002
+4.435968e+003	   +7.021821e-002
+4.437969e+003	   +6.890149e-002
+4.439970e+003	   +6.918557e-002
+4.441971e+003	   +6.916159e-002
+4.443972e+003	   +6.902386e-002
+4.445973e+003	   +7.011688e-002
+4.447974e+003	   +6.979833e-002
+4.449975e+003	   +6.895713e-002
+4.451976e+003	   +6.966326e-002
+4.453977e+003	   +6.909706e-002
+4.455978e+003	   +6.933248e-002
+4.457979e+003	   +6.947715e-002
+4.459980e+003	   +6.968474e-002
+4.461981e+003	   +6.953577e-002
+4.463982e+003	   +7.046273e-002
+4.465983e+003	   +6.968931e-002
+4.467984e+003	   +6.974901e-002
+4.469985e+003	   +7.005313e-002
+4.471986e+003	   +7.096975e-002
+4.473987e+003	   +7.096773e-002
+4.475988e+003	   +6.966449e-002
+4.477989e+003	   +7.035115e-002
+4.479990e+003	   +7.072193e-002
+4.481991e+003	   +7.050769e-002
+4.483992e+003	   +7.043780e-002
+4.485993e+003	   +7.074964e-002
+4.487994e+003	   +7.075941e-002
+4.489995e+003	   +7.179340e-002
+4.491996e+003	   +7.104246e-002
+4.493997e+003	   +7.297381e-002
+4.495998e+003	   +7.220150e-002
+4.497999e+003	   +7.168383e-002
+4.500000e+003	   +7.116770e-002
