+2.500000e+002	   -8.904671e+001
+2.513757e+002	   -7.888215e+001
+2.527514e+002	   -7.181061e+001
+2.541271e+002	   -7.082750e+001
+2.555027e+002	   -7.061710e+001
+2.568784e+002	   -7.063490e+001
+2.582541e+002	   -6.877649e+001
+2.596298e+002	   -6.889761e+001
+2.610055e+002	   -6.746432e+001
+2.623812e+002	   -6.631475e+001
+2.637569e+002	   -6.521937e+001
+2.651326e+002	   -6.483858e+001
+2.665082e+002	   -6.478311e+001
+2.678839e+002	   -6.339596e+001
+2.692596e+002	   -6.310856e+001
+2.706353e+002	   -6.283774e+001
+2.720110e+002	   -6.263464e+001
+2.733867e+002	   -6.187033e+001
+2.747624e+002	   -6.144970e+001
+2.761381e+002	   -6.182443e+001
+2.775138e+002	   -6.147683e+001
+2.788894e+002	   -6.138286e+001
+2.802651e+002	   -6.103487e+001
+2.816408e+002	   -6.056723e+001
+2.830165e+002	   -6.021004e+001
+2.843922e+002	   -5.991362e+001
+2.857679e+002	   -6.016299e+001
+2.871436e+002	   -6.021603e+001
+2.885193e+002	   -5.927404e+001
+2.898950e+002	   -5.940459e+001
+2.912706e+002	   -5.946568e+001
+2.926463e+002	   -5.913619e+001
+2.940220e+002	   -5.982550e+001
+2.953977e+002	   -5.908877e+001
+2.967734e+002	   -5.879623e+001
+2.981491e+002	   -5.853012e+001
+2.995247e+002	   -5.877715e+001
+3.009005e+002	   -5.850644e+001
+3.022761e+002	   -5.824622e+001
+3.036518e+002	   -5.871556e+001
+3.050275e+002	   -5.842633e+001
+3.064032e+002	   -5.988033e+001
+3.077789e+002	   -5.837329e+001
+3.091546e+002	   -5.902394e+001
+3.105303e+002	   -5.925325e+001
+3.119059e+002	   -5.929502e+001
+3.132816e+002	   -5.949918e+001
+3.146573e+002	   -5.942019e+001
+3.160330e+002	   -5.890336e+001
+3.174087e+002	   -5.903834e+001
+3.187844e+002	   -5.970765e+001
+3.201601e+002	   -5.980828e+001
+3.215358e+002	   -6.055877e+001
+3.229115e+002	   -6.024161e+001
+3.242871e+002	   -5.983236e+001
+3.256628e+002	   -6.023590e+001
+3.270385e+002	   -6.095871e+001
+3.284142e+002	   -5.968849e+001
+3.297899e+002	   -6.121284e+001
+3.311656e+002	   -6.193398e+001
+3.325413e+002	   -6.163655e+001
+3.339170e+002	   -6.180072e+001
+3.352926e+002	   -6.217688e+001
+3.366683e+002	   -6.147832e+001
+3.380440e+002	   -6.278090e+001
+3.394197e+002	   -6.259470e+001
+3.407954e+002	   -6.338881e+001
+3.421711e+002	   -6.422502e+001
+3.435468e+002	   -6.528329e+001
+3.449225e+002	   -6.411608e+001
+3.462982e+002	   -6.576025e+001
+3.476738e+002	   -6.640261e+001
+3.490495e+002	   -6.597871e+001
+3.504252e+002	   -6.665248e+001
+3.518009e+002	   -6.837112e+001
+3.531766e+002	   -6.697707e+001
+3.545523e+002	   -6.901866e+001
+3.559280e+002	   -7.207558e+001
+3.573036e+002	   -7.262799e+001
+3.586794e+002	   -7.513870e+001
+3.600550e+002	   -7.660102e+001
+3.614307e+002	   -7.378486e+001
+3.628064e+002	   -8.402412e+001
+3.641821e+002	   -8.310675e+001
+3.655578e+002	   -8.339851e+001
+3.669335e+002	   -8.811827e+001
+3.683091e+002	   -8.798368e+001
+3.696848e+002	   -7.808440e+001
+3.710605e+002	   -7.641248e+001
+3.724362e+002	   -7.478426e+001
+3.738119e+002	   -7.419414e+001
+3.751876e+002	   -7.020884e+001
+3.765633e+002	   -6.991518e+001
+3.779390e+002	   -7.002269e+001
+3.793147e+002	   -6.935980e+001
+3.806903e+002	   -6.711664e+001
+3.820660e+002	   -6.858931e+001
+3.834417e+002	   -6.713371e+001
+3.848174e+002	   -6.659738e+001
+3.861931e+002	   -6.610563e+001
+3.875688e+002	   -6.628526e+001
+3.889445e+002	   -6.506931e+001
+3.903202e+002	   -6.305993e+001
+3.916959e+002	   -6.439725e+001
+3.930715e+002	   -6.404189e+001
+3.944472e+002	   -6.460204e+001
+3.958229e+002	   -6.389394e+001
+3.971986e+002	   -6.288134e+001
+3.985743e+002	   -6.255060e+001
+3.999500e+002	   -6.311124e+001
+4.013257e+002	   -6.352659e+001
+4.027014e+002	   -6.302260e+001
+4.040770e+002	   -6.244816e+001
+4.054527e+002	   -6.316240e+001
+4.068284e+002	   -6.193233e+001
+4.082041e+002	   -6.269428e+001
+4.095798e+002	   -6.152242e+001
+4.109555e+002	   -6.284557e+001
+4.123312e+002	   -6.241717e+001
+4.137068e+002	   -6.088878e+001
+4.150826e+002	   -6.224120e+001
+4.164582e+002	   -6.246482e+001
+4.178339e+002	   -6.368975e+001
+4.192096e+002	   -6.231590e+001
+4.205853e+002	   -6.249407e+001
+4.219610e+002	   -6.288221e+001
+4.233367e+002	   -6.337530e+001
+4.247123e+002	   -6.294170e+001
+4.260880e+002	   -6.432794e+001
+4.274637e+002	   -6.316729e+001
+4.288394e+002	   -6.384210e+001
+4.302151e+002	   -6.344057e+001
+4.315908e+002	   -6.210986e+001
+4.329665e+002	   -6.412813e+001
+4.343422e+002	   -6.358803e+001
+4.357179e+002	   -6.440913e+001
+4.370935e+002	   -6.347742e+001
+4.384692e+002	   -6.445145e+001
+4.398449e+002	   -6.831295e+001
+4.412206e+002	   -6.561559e+001
+4.425963e+002	   -6.653057e+001
+4.439720e+002	   -6.754067e+001
+4.453477e+002	   -6.791719e+001
+4.467234e+002	   -6.932485e+001
+4.480991e+002	   -6.872875e+001
+4.494747e+002	   -7.565040e+001
+4.508504e+002	   -7.373721e+001
+4.522261e+002	   -7.444794e+001
+4.536018e+002	   -7.614059e+001
+4.549775e+002	   -7.453590e+001
+4.563532e+002	   -7.702499e+001
+4.577289e+002	   -7.438976e+001
+4.591046e+002	   -9.187140e+001
+4.604803e+002	   -8.092274e+001
+4.618559e+002	   -8.440260e+001
+4.632316e+002	   -8.438428e+001
+4.646073e+002	   -7.782615e+001
+4.659830e+002	   -7.760724e+001
+4.673587e+002	   -7.302124e+001
+4.687344e+002	   -7.270982e+001
+4.701100e+002	   -7.494594e+001
+4.714857e+002	   -7.049431e+001
+4.728614e+002	   -7.171194e+001
+4.742371e+002	   -7.101987e+001
+4.756128e+002	   -7.158798e+001
+4.769885e+002	   -6.719763e+001
+4.783642e+002	   -6.861435e+001
+4.797399e+002	   -6.687196e+001
+4.811156e+002	   -6.688581e+001
+4.824912e+002	   -6.630909e+001
+4.838669e+002	   -6.679047e+001
+4.852426e+002	   -6.930804e+001
+4.866183e+002	   -7.092555e+001
+4.879940e+002	   -6.824338e+001
+4.893697e+002	   -6.785842e+001
+4.907454e+002	   -7.126819e+001
+4.921211e+002	   -7.153511e+001
+4.934967e+002	   -7.110175e+001
+4.948724e+002	   -7.538381e+001
+4.962481e+002	   -7.624994e+001
+4.976238e+002	   -7.594076e+001
+4.989995e+002	   -8.233946e+001
+5.003752e+002	   -8.134805e+001
+5.017509e+002	   -7.639784e+001
+5.031266e+002	   -7.689931e+001
+5.045023e+002	   -7.510858e+001
+5.058779e+002	   -6.753947e+001
+5.072536e+002	   -6.689228e+001
+5.086293e+002	   -6.395080e+001
+5.100050e+002	   -6.256483e+001
+5.113807e+002	   -6.120206e+001
+5.127564e+002	   -5.965668e+001
+5.141321e+002	   -5.943432e+001
+5.155078e+002	   -5.819374e+001
+5.168834e+002	   -5.624402e+001
+5.182592e+002	   -5.541992e+001
+5.196348e+002	   -5.480337e+001
+5.210105e+002	   -5.334473e+001
+5.223862e+002	   -5.274528e+001
+5.237619e+002	   -5.162267e+001
+5.251376e+002	   -5.116705e+001
+5.265132e+002	   -4.983292e+001
+5.278889e+002	   -4.933646e+001
+5.292646e+002	   -4.854852e+001
+5.306403e+002	   -4.772708e+001
+5.320160e+002	   -4.735285e+001
+5.333917e+002	   -4.650694e+001
+5.347674e+002	   -4.571296e+001
+5.361431e+002	   -4.490295e+001
+5.375187e+002	   -4.442375e+001
+5.388945e+002	   -4.386768e+001
+5.402701e+002	   -4.324236e+001
+5.416458e+002	   -4.268530e+001
+5.430215e+002	   -4.215049e+001
+5.443972e+002	   -4.157946e+001
+5.457729e+002	   -4.112487e+001
+5.471486e+002	   -4.060884e+001
+5.485243e+002	   -4.002098e+001
+5.499000e+002	   -3.954551e+001
+5.512756e+002	   -3.903270e+001
+5.526513e+002	   -3.854909e+001
+5.540270e+002	   -3.803024e+001
+5.554027e+002	   -3.759352e+001
+5.567784e+002	   -3.712309e+001
+5.581541e+002	   -3.673085e+001
+5.595298e+002	   -3.612962e+001
+5.609055e+002	   -3.584493e+001
+5.622811e+002	   -3.535044e+001
+5.636568e+002	   -3.480127e+001
+5.650325e+002	   -3.447346e+001
+5.664082e+002	   -3.410465e+001
+5.677839e+002	   -3.370185e+001
+5.691596e+002	   -3.333510e+001
+5.705353e+002	   -3.286095e+001
+5.719109e+002	   -3.247479e+001
+5.732866e+002	   -3.211672e+001
+5.746624e+002	   -3.173954e+001
+5.760380e+002	   -3.136618e+001
+5.774137e+002	   -3.100750e+001
+5.787894e+002	   -3.058661e+001
+5.801651e+002	   -3.026260e+001
+5.815408e+002	   -2.989456e+001
+5.829164e+002	   -2.956467e+001
+5.842922e+002	   -2.919083e+001
+5.856678e+002	   -2.889054e+001
+5.870435e+002	   -2.849049e+001
+5.884192e+002	   -2.822003e+001
+5.897949e+002	   -2.783975e+001
+5.911706e+002	   -2.755445e+001
+5.925463e+002	   -2.723476e+001
+5.939219e+002	   -2.691476e+001
+5.952977e+002	   -2.659250e+001
+5.966733e+002	   -2.630479e+001
+5.980490e+002	   -2.598859e+001
+5.994247e+002	   -2.568151e+001
+6.008004e+002	   -2.535900e+001
+6.021761e+002	   -2.503885e+001
+6.035518e+002	   -2.475468e+001
+6.049275e+002	   -2.448358e+001
+6.063032e+002	   -2.423442e+001
+6.076788e+002	   -2.398041e+001
+6.090545e+002	   -2.369056e+001
+6.104302e+002	   -2.337461e+001
+6.118059e+002	   -2.307881e+001
+6.131816e+002	   -2.286713e+001
+6.145573e+002	   -2.257964e+001
+6.159330e+002	   -2.227874e+001
+6.173087e+002	   -2.208201e+001
+6.186843e+002	   -2.175303e+001
+6.200601e+002	   -2.158788e+001
+6.214357e+002	   -2.123520e+001
+6.228114e+002	   -2.104637e+001
+6.241871e+002	   -2.082007e+001
+6.255628e+002	   -2.052336e+001
+6.269385e+002	   -2.030280e+001
+6.283141e+002	   -2.009444e+001
+6.296898e+002	   -1.982521e+001
+6.310656e+002	   -1.956338e+001
+6.324412e+002	   -1.931361e+001
+6.338169e+002	   -1.910326e+001
+6.351926e+002	   -1.885990e+001
+6.365683e+002	   -1.863050e+001
+6.379440e+002	   -1.841082e+001
+6.393196e+002	   -1.821602e+001
+6.406954e+002	   -1.802405e+001
+6.420710e+002	   -1.779561e+001
+6.434467e+002	   -1.755536e+001
+6.448224e+002	   -1.733646e+001
+6.461981e+002	   -1.717298e+001
+6.475738e+002	   -1.691222e+001
+6.489495e+002	   -1.673155e+001
+6.503251e+002	   -1.654176e+001
+6.517009e+002	   -1.631174e+001
+6.530765e+002	   -1.612589e+001
+6.544522e+002	   -1.593377e+001
+6.558279e+002	   -1.570343e+001
+6.572036e+002	   -1.553150e+001
+6.585793e+002	   -1.535376e+001
+6.599550e+002	   -1.513066e+001
+6.613307e+002	   -1.493465e+001
+6.627064e+002	   -1.477609e+001
+6.640820e+002	   -1.458437e+001
+6.654577e+002	   -1.440676e+001
+6.668334e+002	   -1.421877e+001
+6.682091e+002	   -1.403739e+001
+6.695848e+002	   -1.386895e+001
+6.709605e+002	   -1.367372e+001
+6.723362e+002	   -1.348946e+001
+6.737119e+002	   -1.332017e+001
+6.750875e+002	   -1.315709e+001
+6.764633e+002	   -1.300190e+001
+6.778389e+002	   -1.280992e+001
+6.792146e+002	   -1.265250e+001
+6.805903e+002	   -1.248534e+001
+6.819660e+002	   -1.232290e+001
+6.833417e+002	   -1.215833e+001
+6.847173e+002	   -1.200930e+001
+6.860930e+002	   -1.183538e+001
+6.874688e+002	   -1.168215e+001
+6.888444e+002	   -1.152525e+001
+6.902201e+002	   -1.137135e+001
+6.915958e+002	   -1.121631e+001
+6.929715e+002	   -1.106753e+001
+6.943472e+002	   -1.091982e+001
+6.957228e+002	   -1.077146e+001
+6.970986e+002	   -1.062048e+001
+6.984742e+002	   -1.047155e+001
+6.998499e+002	   -1.033172e+001
+7.012256e+002	   -1.020170e+001
+7.026013e+002	   -1.004919e+001
+7.039770e+002	   -9.909367e+000
+7.053527e+002	   -9.767292e+000
+7.067284e+002	   -9.633162e+000
+7.081041e+002	   -9.502212e+000
+7.094797e+002	   -9.364593e+000
+7.108554e+002	   -9.228236e+000
+7.122311e+002	   -9.100790e+000
+7.136068e+002	   -8.964080e+000
+7.149825e+002	   -8.841031e+000
+7.163582e+002	   -8.709768e+000
+7.177339e+002	   -8.600379e+000
+7.191096e+002	   -8.471087e+000
+7.204852e+002	   -8.335986e+000
+7.218609e+002	   -8.217667e+000
+7.232366e+002	   -8.091202e+000
+7.246123e+002	   -7.970407e+000
+7.259880e+002	   -7.850137e+000
+7.273637e+002	   -7.748176e+000
+7.287394e+002	   -7.620406e+000
+7.301151e+002	   -7.503953e+000
+7.314907e+002	   -7.387505e+000
+7.328665e+002	   -7.277138e+000
+7.342421e+002	   -7.162725e+000
+7.356178e+002	   -7.054378e+000
+7.369935e+002	   -6.943963e+000
+7.383692e+002	   -6.839725e+000
+7.397449e+002	   -6.733435e+000
+7.411205e+002	   -6.626832e+000
+7.424963e+002	   -6.522992e+000
+7.438719e+002	   -6.419895e+000
+7.452476e+002	   -6.318229e+000
+7.466233e+002	   -6.229093e+000
+7.479990e+002	   -6.115340e+000
+7.493747e+002	   -6.025484e+000
+7.507504e+002	   -5.918636e+000
+7.521260e+002	   -5.822802e+000
+7.535018e+002	   -5.737167e+000
+7.548774e+002	   -5.635278e+000
+7.562531e+002	   -5.539819e+000
+7.576288e+002	   -5.459835e+000
+7.590045e+002	   -5.356254e+000
+7.603802e+002	   -5.264382e+000
+7.617559e+002	   -5.178136e+000
+7.631316e+002	   -5.087840e+000
+7.645073e+002	   -4.999297e+000
+7.658829e+002	   -4.912796e+000
+7.672586e+002	   -4.828187e+000
+7.686343e+002	   -4.742247e+000
+7.700100e+002	   -4.659985e+000
+7.713857e+002	   -4.583600e+000
+7.727614e+002	   -4.493999e+000
+7.741371e+002	   -4.414793e+000
+7.755128e+002	   -4.337012e+000
+7.768884e+002	   -4.260538e+000
+7.782642e+002	   -4.181147e+000
+7.796398e+002	   -4.111184e+000
+7.810155e+002	   -4.030965e+000
+7.823912e+002	   -3.956087e+000
+7.837669e+002	   -3.882114e+000
+7.851426e+002	   -3.811358e+000
+7.865182e+002	   -3.737427e+000
+7.878939e+002	   -3.667648e+000
+7.892697e+002	   -3.599795e+000
+7.906453e+002	   -3.531653e+000
+7.920210e+002	   -3.462996e+000
+7.933967e+002	   -3.398188e+000
+7.947724e+002	   -3.329797e+000
+7.961481e+002	   -3.265924e+000
+7.975237e+002	   -3.197897e+000
+7.988995e+002	   -3.135674e+000
+8.002751e+002	   -3.069917e+000
+8.016508e+002	   -3.006594e+000
+8.030265e+002	   -2.952987e+000
+8.044022e+002	   -2.887104e+000
+8.057779e+002	   -2.827197e+000
+8.071536e+002	   -2.771233e+000
+8.085292e+002	   -2.714468e+000
+8.099050e+002	   -2.657547e+000
+8.112806e+002	   -2.603042e+000
+8.126563e+002	   -2.548348e+000
+8.140320e+002	   -2.493849e+000
+8.154077e+002	   -2.439649e+000
+8.167834e+002	   -2.385736e+000
+8.181591e+002	   -2.332927e+000
+8.195348e+002	   -2.283654e+000
+8.209105e+002	   -2.231844e+000
+8.222861e+002	   -2.179407e+000
+8.236618e+002	   -2.134456e+000
+8.250375e+002	   -2.084542e+000
+8.264132e+002	   -2.036093e+000
+8.277889e+002	   -1.988755e+000
+8.291646e+002	   -1.941466e+000
+8.305403e+002	   -1.897237e+000
+8.319160e+002	   -1.852396e+000
+8.332916e+002	   -1.807113e+000
+8.346674e+002	   -1.762674e+000
+8.360430e+002	   -1.722560e+000
+8.374187e+002	   -1.679451e+000
+8.387944e+002	   -1.643072e+000
+8.401701e+002	   -1.598443e+000
+8.415458e+002	   -1.557705e+000
+8.429214e+002	   -1.521469e+000
+8.442971e+002	   -1.483520e+000
+8.456729e+002	   -1.445833e+000
+8.470485e+002	   -1.404492e+000
+8.484242e+002	   -1.367525e+000
+8.497999e+002	   -1.332829e+000
+8.511756e+002	   -1.296189e+000
+8.525513e+002	   -1.262483e+000
+8.539269e+002	   -1.228548e+000
+8.553027e+002	   -1.195637e+000
+8.566783e+002	   -1.164212e+000
+8.580540e+002	   -1.131001e+000
+8.594297e+002	   -1.102294e+000
+8.608054e+002	   -1.069872e+000
+8.621811e+002	   -1.038166e+000
+8.635568e+002	   -1.008957e+000
+8.649325e+002	   -9.835079e-001
+8.663082e+002	   -9.506674e-001
+8.676838e+002	   -9.258835e-001
+8.690595e+002	   -8.961533e-001
+8.704352e+002	   -8.690367e-001
+8.718109e+002	   -8.427075e-001
+8.731866e+002	   -8.169457e-001
+8.745623e+002	   -7.919772e-001
+8.759380e+002	   -7.705129e-001
+8.773137e+002	   -7.437051e-001
+8.786893e+002	   -7.193307e-001
+8.800650e+002	   -6.977373e-001
+8.814407e+002	   -6.732096e-001
+8.828164e+002	   -6.529258e-001
+8.841921e+002	   -6.317772e-001
+8.855678e+002	   -6.082497e-001
+8.869435e+002	   -5.912037e-001
+8.883192e+002	   -5.677560e-001
+8.896948e+002	   -5.483370e-001
+8.910706e+002	   -5.301169e-001
+8.924462e+002	   -5.106217e-001
+8.938219e+002	   -4.916486e-001
+8.951976e+002	   -4.715056e-001
+8.965733e+002	   -4.551387e-001
+8.979490e+002	   -4.399116e-001
+8.993246e+002	   -4.242185e-001
+9.007004e+002	   -4.067705e-001
+9.020760e+002	   -3.905894e-001
+9.034517e+002	   -3.763438e-001
+9.048274e+002	   -3.601790e-001
+9.062031e+002	   -3.454908e-001
+9.075788e+002	   -3.301250e-001
+9.089545e+002	   -3.170892e-001
+9.103301e+002	   -3.022908e-001
+9.117059e+002	   -2.882428e-001
+9.130815e+002	   -2.781897e-001
+9.144572e+002	   -2.639971e-001
+9.158329e+002	   -2.544974e-001
+9.172086e+002	   -2.399521e-001
+9.185843e+002	   -2.295695e-001
+9.199600e+002	   -2.166120e-001
+9.213357e+002	   -2.072387e-001
+9.227114e+002	   -1.969244e-001
+9.240870e+002	   -1.844752e-001
+9.254627e+002	   -1.743083e-001
+9.268384e+002	   -1.651744e-001
+9.282141e+002	   -1.576308e-001
+9.295898e+002	   -1.474613e-001
+9.309655e+002	   -1.381228e-001
+9.323412e+002	   -1.297178e-001
+9.337169e+002	   -1.212567e-001
+9.350925e+002	   -1.141483e-001
+9.364683e+002	   -1.070344e-001
+9.378439e+002	   -9.812559e-002
+9.392196e+002	   -9.123639e-002
+9.405953e+002	   -8.402531e-002
+9.419710e+002	   -7.868915e-002
+9.433467e+002	   -7.195575e-002
+9.447224e+002	   -6.474532e-002
+9.460980e+002	   -5.891323e-002
+9.474738e+002	   -5.323533e-002
+9.488494e+002	   -4.894248e-002
+9.502251e+002	   -4.112934e-002
+9.516008e+002	   -3.612708e-002
+9.529765e+002	   -3.297054e-002
+9.543522e+002	   -2.750161e-002
+9.557278e+002	   -2.200506e-002
+9.571036e+002	   -1.751882e-002
+9.584792e+002	   -1.260129e-002
+9.598549e+002	   -8.714273e-003
+9.612306e+002	   -4.522804e-003
+9.626063e+002	   -2.703022e-003
+9.639820e+002	   +2.455047e-003
+9.653577e+002	   +4.735045e-003
+9.667333e+002	   +8.572048e-003
+9.681091e+002	   +1.144871e-002
+9.694847e+002	   +1.621217e-002
+9.708604e+002	   +1.614135e-002
+9.722361e+002	   +2.060265e-002
+9.736118e+002	   +2.332098e-002
+9.749875e+002	   +2.416801e-002
+9.763632e+002	   +2.627555e-002
+9.777389e+002	   +2.774834e-002
+9.791146e+002	   +3.098815e-002
+9.804902e+002	   +3.257059e-002
+9.818659e+002	   +3.579171e-002
+9.832416e+002	   +3.645848e-002
+9.846173e+002	   +3.875438e-002
+9.859930e+002	   +3.946791e-002
+9.873687e+002	   +4.064050e-002
+9.887444e+002	   +4.292335e-002
+9.901201e+002	   +4.506716e-002
+9.914957e+002	   +4.627295e-002
+9.928715e+002	   +4.642963e-002
+9.942471e+002	   +4.646590e-002
+9.956228e+002	   +4.675749e-002
+9.969985e+002	   +4.919580e-002
+9.983742e+002	   +4.916858e-002
+9.997499e+002	   +5.140894e-002
+1.001126e+003	   +5.212810e-002
+1.002501e+003	   +5.139415e-002
+1.003877e+003	   +5.199094e-002
+1.005253e+003	   +5.166011e-002
+1.006628e+003	   +5.341445e-002
+1.008004e+003	   +5.312489e-002
+1.009380e+003	   +5.249619e-002
+1.010755e+003	   +5.432027e-002
+1.012131e+003	   +5.353066e-002
+1.013507e+003	   +5.632897e-002
+1.014882e+003	   +5.547832e-002
+1.016258e+003	   +5.602204e-002
+1.017634e+003	   +5.562368e-002
+1.019010e+003	   +5.503375e-002
+1.020385e+003	   +5.596885e-002
+1.021761e+003	   +5.620702e-002
+1.023137e+003	   +5.467723e-002
+1.024512e+003	   +5.575722e-002
+1.025888e+003	   +5.697447e-002
+1.027264e+003	   +5.516770e-002
+1.028639e+003	   +5.484272e-002
+1.030015e+003	   +5.584065e-002
+1.031391e+003	   +5.643190e-002
+1.032766e+003	   +5.456072e-002
+1.034142e+003	   +5.629952e-002
+1.035518e+003	   +5.515906e-002
+1.036893e+003	   +5.595277e-002
+1.038269e+003	   +5.493151e-002
+1.039645e+003	   +5.635259e-002
+1.041021e+003	   +5.584790e-002
+1.042396e+003	   +5.573132e-002
+1.043772e+003	   +5.549669e-002
+1.045148e+003	   +5.529312e-002
+1.046523e+003	   +5.465929e-002
+1.047899e+003	   +5.471741e-002
+1.049275e+003	   +5.487270e-002
+1.050650e+003	   +5.517619e-002
+1.052026e+003	   +5.465344e-002
+1.053402e+003	   +5.505238e-002
+1.054777e+003	   +5.464554e-002
+1.056153e+003	   +5.522481e-002
+1.057529e+003	   +5.367848e-002
+1.058904e+003	   +5.470853e-002
+1.060280e+003	   +5.483679e-002
+1.061656e+003	   +5.333405e-002
+1.063031e+003	   +5.374295e-002
+1.064407e+003	   +5.362153e-002
+1.065783e+003	   +5.307617e-002
+1.067159e+003	   +5.343502e-002
+1.068534e+003	   +5.426057e-002
+1.069910e+003	   +5.358748e-002
+1.071286e+003	   +5.356767e-002
+1.072661e+003	   +5.588248e-002
+1.074037e+003	   +5.427051e-002
+1.075413e+003	   +5.427016e-002
+1.076788e+003	   +5.262288e-002
+1.078164e+003	   +5.399482e-002
+1.079540e+003	   +5.365312e-002
+1.080915e+003	   +5.345493e-002
+1.082291e+003	   +5.431614e-002
+1.083667e+003	   +5.318399e-002
+1.085042e+003	   +5.523091e-002
+1.086418e+003	   +5.537957e-002
+1.087794e+003	   +5.503991e-002
+1.089170e+003	   +5.449665e-002
+1.090545e+003	   +5.402277e-002
+1.091921e+003	   +5.647745e-002
+1.093297e+003	   +5.420185e-002
+1.094672e+003	   +5.582092e-002
+1.096048e+003	   +5.404457e-002
+1.097424e+003	   +5.551090e-002
+1.098799e+003	   +5.457173e-002
+1.100175e+003	   +5.534651e-002
+1.101551e+003	   +5.568718e-002
+1.102927e+003	   +5.465191e-002
+1.104302e+003	   +5.486869e-002
+1.105678e+003	   +5.704515e-002
+1.107053e+003	   +5.421185e-002
+1.108429e+003	   +5.590398e-002
+1.109805e+003	   +5.595865e-002
+1.111181e+003	   +5.388217e-002
+1.112556e+003	   +5.645886e-002
+1.113932e+003	   +5.510454e-002
+1.115308e+003	   +5.516899e-002
+1.116683e+003	   +5.548570e-002
+1.118059e+003	   +5.635494e-002
+1.119435e+003	   +5.499565e-002
+1.120810e+003	   +5.736294e-002
+1.122186e+003	   +5.666585e-002
+1.123562e+003	   +5.677745e-002
+1.124938e+003	   +5.619718e-002
+1.126313e+003	   +5.603993e-002
+1.127689e+003	   +5.663667e-002
+1.129065e+003	   +5.782588e-002
+1.130440e+003	   +5.701640e-002
+1.131816e+003	   +5.675422e-002
+1.133192e+003	   +5.781368e-002
+1.134567e+003	   +5.821171e-002
+1.135943e+003	   +5.806052e-002
+1.137319e+003	   +5.767004e-002
+1.138694e+003	   +5.786306e-002
+1.140070e+003	   +5.703660e-002
+1.141446e+003	   +5.743288e-002
+1.142821e+003	   +5.758714e-002
+1.144197e+003	   +5.842371e-002
+1.145573e+003	   +5.750155e-002
+1.146948e+003	   +5.851028e-002
+1.148324e+003	   +5.892348e-002
+1.149700e+003	   +5.731920e-002
+1.151076e+003	   +5.765568e-002
+1.152451e+003	   +5.859062e-002
+1.153827e+003	   +5.840039e-002
+1.155203e+003	   +5.924968e-002
+1.156578e+003	   +5.702982e-002
+1.157954e+003	   +5.944315e-002
+1.159330e+003	   +5.873985e-002
+1.160705e+003	   +5.809387e-002
+1.162081e+003	   +5.794828e-002
+1.163457e+003	   +5.852676e-002
+1.164832e+003	   +5.692796e-002
+1.166208e+003	   +5.821655e-002
+1.167584e+003	   +5.849097e-002
+1.168959e+003	   +5.948947e-002
+1.170335e+003	   +5.900253e-002
+1.171711e+003	   +5.949078e-002
+1.173087e+003	   +5.883957e-002
+1.174462e+003	   +5.758630e-002
+1.175838e+003	   +5.834661e-002
+1.177214e+003	   +5.920360e-002
+1.178589e+003	   +5.825208e-002
+1.179965e+003	   +5.752637e-002
+1.181341e+003	   +5.847769e-002
+1.182716e+003	   +5.901957e-002
+1.184092e+003	   +5.945746e-002
+1.185468e+003	   +5.934035e-002
+1.186843e+003	   +5.695962e-002
+1.188219e+003	   +5.679478e-002
+1.189595e+003	   +5.791623e-002
+1.190970e+003	   +5.777946e-002
+1.192346e+003	   +5.594413e-002
+1.193722e+003	   +5.744402e-002
+1.195098e+003	   +5.806295e-002
+1.196473e+003	   +5.663318e-002
+1.197849e+003	   +5.734973e-002
+1.199225e+003	   +5.726829e-002
+1.200600e+003	   +5.570530e-002
+1.201976e+003	   +5.625263e-002
+1.203352e+003	   +5.658548e-002
+1.204727e+003	   +5.587875e-002
+1.206103e+003	   +5.681331e-002
+1.207479e+003	   +5.561741e-002
+1.208854e+003	   +5.507189e-002
+1.210230e+003	   +5.452820e-002
+1.211606e+003	   +5.589844e-002
+1.212981e+003	   +5.522632e-002
+1.214357e+003	   +5.601990e-002
+1.215733e+003	   +5.594522e-002
+1.217109e+003	   +5.571402e-002
+1.218484e+003	   +5.435018e-002
+1.219860e+003	   +5.573970e-002
+1.221236e+003	   +5.569930e-002
+1.222611e+003	   +5.540086e-002
+1.223987e+003	   +5.390572e-002
+1.225363e+003	   +5.553347e-002
+1.226738e+003	   +5.495524e-002
+1.228114e+003	   +5.538185e-002
+1.229490e+003	   +5.639638e-002
+1.230865e+003	   +5.499781e-002
+1.232241e+003	   +5.354504e-002
+1.233617e+003	   +5.326472e-002
+1.234993e+003	   +5.386662e-002
+1.236368e+003	   +5.466202e-002
+1.237744e+003	   +5.433041e-002
+1.239120e+003	   +5.329742e-002
+1.240495e+003	   +5.376390e-002
+1.241871e+003	   +5.254324e-002
+1.243247e+003	   +5.346325e-002
+1.244622e+003	   +5.523290e-002
+1.245998e+003	   +5.600816e-002
+1.247374e+003	   +5.270582e-002
+1.248749e+003	   +5.485351e-002
+1.250125e+003	   +5.545402e-002
+1.251501e+003	   +5.208864e-002
+1.252876e+003	   +5.703537e-002
+1.254252e+003	   +5.341208e-002
+1.255628e+003	   +5.775512e-002
+1.257004e+003	   +5.282106e-002
+1.258379e+003	   +5.283175e-002
+1.259755e+003	   +5.607284e-002
+1.261131e+003	   +5.389215e-002
+1.262506e+003	   +5.176149e-002
+1.263882e+003	   +5.428531e-002
+1.265258e+003	   +5.659540e-002
+1.266633e+003	   +5.750519e-002
+1.268009e+003	   +5.571311e-002
+1.269385e+003	   +5.658687e-002
+1.270760e+003	   +5.727557e-002
+1.272136e+003	   +5.772958e-002
+1.273512e+003	   +5.673044e-002
+1.274887e+003	   +5.581394e-002
+1.276263e+003	   +5.255194e-002
+1.277639e+003	   +5.560986e-002
+1.279015e+003	   +5.656560e-002
+1.280390e+003	   +5.360441e-002
+1.281766e+003	   +5.473258e-002
+1.283142e+003	   +5.605075e-002
+1.284517e+003	   +5.322084e-002
+1.285893e+003	   +5.816466e-002
+1.287269e+003	   +5.524651e-002
+1.288644e+003	   +5.724729e-002
+1.290020e+003	   +5.301105e-002
+1.291396e+003	   +5.393025e-002
+1.292771e+003	   +5.828172e-002
+1.294147e+003	   +5.687491e-002
+1.295523e+003	   +5.443906e-002
+1.296898e+003	   +5.515649e-002
+1.298274e+003	   +5.496704e-002
+1.299650e+003	   +5.695460e-002
+1.301026e+003	   +5.678737e-002
+1.302401e+003	   +5.777242e-002
+1.303777e+003	   +5.679074e-002
+1.305153e+003	   +5.668006e-002
+1.306528e+003	   +5.644317e-002
+1.307904e+003	   +5.743735e-002
+1.309280e+003	   +5.799797e-002
+1.310655e+003	   +5.861620e-002
+1.312031e+003	   +5.561212e-002
+1.313407e+003	   +5.819811e-002
+1.314782e+003	   +5.747214e-002
+1.316158e+003	   +5.671052e-002
+1.317534e+003	   +5.772380e-002
+1.318909e+003	   +5.775411e-002
+1.320285e+003	   +5.821083e-002
+1.321661e+003	   +5.881434e-002
+1.323036e+003	   +5.781012e-002
+1.324412e+003	   +5.864628e-002
+1.325788e+003	   +5.792519e-002
+1.327164e+003	   +5.916392e-002
+1.328539e+003	   +5.889709e-002
+1.329915e+003	   +5.861770e-002
+1.331291e+003	   +5.857772e-002
+1.332666e+003	   +5.944730e-002
+1.334042e+003	   +5.802825e-002
+1.335418e+003	   +5.922925e-002
+1.336793e+003	   +5.919452e-002
+1.338169e+003	   +6.011252e-002
+1.339545e+003	   +5.917047e-002
+1.340920e+003	   +6.067447e-002
+1.342296e+003	   +5.976975e-002
+1.343672e+003	   +5.934455e-002
+1.345047e+003	   +5.946575e-002
+1.346423e+003	   +5.951648e-002
+1.347799e+003	   +6.080592e-002
+1.349175e+003	   +5.961183e-002
+1.350550e+003	   +5.892629e-002
+1.351926e+003	   +5.924506e-002
+1.353302e+003	   +6.102511e-002
+1.354677e+003	   +6.161207e-002
+1.356053e+003	   +6.032694e-002
+1.357429e+003	   +6.179458e-002
+1.358804e+003	   +6.002964e-002
+1.360180e+003	   +6.051423e-002
+1.361556e+003	   +5.971773e-002
+1.362932e+003	   +5.841444e-002
+1.364307e+003	   +5.927716e-002
+1.365683e+003	   +5.954744e-002
+1.367058e+003	   +6.024649e-002
+1.368434e+003	   +5.917474e-002
+1.369810e+003	   +5.992851e-002
+1.371186e+003	   +6.104368e-002
+1.372561e+003	   +6.122658e-002
+1.373937e+003	   +6.058483e-002
+1.375313e+003	   +6.003483e-002
+1.376688e+003	   +6.100501e-002
+1.378064e+003	   +5.961872e-002
+1.379440e+003	   +6.097232e-002
+1.380815e+003	   +6.134911e-002
+1.382191e+003	   +6.153871e-002
+1.383567e+003	   +5.901707e-002
+1.384943e+003	   +6.011637e-002
+1.386318e+003	   +5.889947e-002
+1.387694e+003	   +5.963904e-002
+1.389070e+003	   +5.975103e-002
+1.390445e+003	   +5.987180e-002
+1.391821e+003	   +6.112368e-002
+1.393197e+003	   +6.125225e-002
+1.394572e+003	   +5.813873e-002
+1.395948e+003	   +5.980755e-002
+1.397324e+003	   +5.949633e-002
+1.398699e+003	   +5.884368e-002
+1.400075e+003	   +5.898907e-002
+1.401451e+003	   +5.834372e-002
+1.402826e+003	   +5.969492e-002
+1.404202e+003	   +5.864210e-002
+1.405578e+003	   +5.841203e-002
+1.406953e+003	   +5.872059e-002
+1.408329e+003	   +5.901170e-002
+1.409705e+003	   +5.831096e-002
+1.411081e+003	   +5.833998e-002
+1.412456e+003	   +5.846312e-002
+1.413832e+003	   +5.755335e-002
+1.415208e+003	   +5.797717e-002
+1.416583e+003	   +5.796381e-002
+1.417959e+003	   +5.781196e-002
+1.419335e+003	   +5.745921e-002
+1.420710e+003	   +5.783389e-002
+1.422086e+003	   +5.742751e-002
+1.423462e+003	   +5.672362e-002
+1.424837e+003	   +5.735824e-002
+1.426213e+003	   +5.710414e-002
+1.427589e+003	   +5.731842e-002
+1.428964e+003	   +5.711468e-002
+1.430340e+003	   +5.627347e-002
+1.431716e+003	   +5.712624e-002
+1.433092e+003	   +5.633561e-002
+1.434467e+003	   +5.630101e-002
+1.435843e+003	   +5.562168e-002
+1.437219e+003	   +5.570575e-002
+1.438594e+003	   +5.584817e-002
+1.439970e+003	   +5.624457e-002
+1.441346e+003	   +5.538360e-002
+1.442721e+003	   +5.571083e-002
+1.444097e+003	   +5.499535e-002
+1.445473e+003	   +5.590317e-002
+1.446848e+003	   +5.647847e-002
+1.448224e+003	   +5.520550e-002
+1.449600e+003	   +5.580108e-002
+1.450975e+003	   +5.530080e-002
+1.452351e+003	   +5.448317e-002
+1.453727e+003	   +5.575886e-002
+1.455103e+003	   +5.394359e-002
+1.456478e+003	   +5.401501e-002
+1.457854e+003	   +5.471138e-002
+1.459230e+003	   +5.498375e-002
+1.460605e+003	   +5.580750e-002
+1.461981e+003	   +5.526933e-002
+1.463357e+003	   +5.560366e-002
+1.464732e+003	   +5.363925e-002
+1.466108e+003	   +5.640915e-002
+1.467484e+003	   +5.522227e-002
+1.468859e+003	   +5.608692e-002
+1.470235e+003	   +5.479767e-002
+1.471611e+003	   +5.485930e-002
+1.472986e+003	   +5.528558e-002
+1.474362e+003	   +5.446223e-002
+1.475738e+003	   +5.368818e-002
+1.477114e+003	   +5.464415e-002
+1.478489e+003	   +5.655320e-002
+1.479865e+003	   +5.344272e-002
+1.481241e+003	   +5.669926e-002
+1.482616e+003	   +5.294193e-002
+1.483992e+003	   +5.510385e-002
+1.485368e+003	   +5.407178e-002
+1.486743e+003	   +5.454390e-002
+1.488119e+003	   +5.501711e-002
+1.489495e+003	   +5.537018e-002
+1.490870e+003	   +5.498875e-002
+1.492246e+003	   +5.563286e-002
+1.493622e+003	   +5.536454e-002
+1.494998e+003	   +5.633256e-002
+1.496373e+003	   +5.684107e-002
+1.497749e+003	   +5.575898e-002
+1.499125e+003	   +5.640869e-002
+1.500500e+003	   +5.601792e-002
+1.501876e+003	   +5.652956e-002
+1.503252e+003	   +5.594464e-002
+1.504627e+003	   +5.654366e-002
+1.506003e+003	   +5.720996e-002
+1.507379e+003	   +5.614429e-002
+1.508754e+003	   +5.647456e-002
+1.510130e+003	   +5.651473e-002
+1.511506e+003	   +5.711742e-002
+1.512881e+003	   +5.721088e-002
+1.514257e+003	   +5.754684e-002
+1.515633e+003	   +5.684898e-002
+1.517009e+003	   +5.744139e-002
+1.518384e+003	   +5.727221e-002
+1.519760e+003	   +5.816606e-002
+1.521136e+003	   +5.763406e-002
+1.522511e+003	   +5.744049e-002
+1.523887e+003	   +5.824868e-002
+1.525263e+003	   +5.825486e-002
+1.526638e+003	   +5.784198e-002
+1.528014e+003	   +5.844704e-002
+1.529390e+003	   +5.837304e-002
+1.530765e+003	   +5.834294e-002
+1.532141e+003	   +5.859345e-002
+1.533517e+003	   +5.988457e-002
+1.534892e+003	   +5.867498e-002
+1.536268e+003	   +5.928071e-002
+1.537644e+003	   +5.948417e-002
+1.539020e+003	   +5.906686e-002
+1.540395e+003	   +5.901319e-002
+1.541771e+003	   +5.973122e-002
+1.543147e+003	   +5.980788e-002
+1.544522e+003	   +6.012170e-002
+1.545898e+003	   +6.095570e-002
+1.547274e+003	   +6.042453e-002
+1.548649e+003	   +6.175111e-002
+1.550025e+003	   +6.098436e-002
+1.551401e+003	   +6.144142e-002
+1.552776e+003	   +6.107089e-002
+1.554152e+003	   +6.121564e-002
+1.555528e+003	   +6.143910e-002
+1.556903e+003	   +5.984896e-002
+1.558279e+003	   +6.034692e-002
+1.559655e+003	   +6.206850e-002
+1.561031e+003	   +6.258414e-002
+1.562406e+003	   +6.352223e-002
+1.563782e+003	   +6.251600e-002
+1.565158e+003	   +6.330263e-002
+1.566533e+003	   +6.393794e-002
+1.567909e+003	   +6.406896e-002
+1.569285e+003	   +6.184333e-002
+1.570660e+003	   +6.391335e-002
+1.572036e+003	   +6.370151e-002
+1.573412e+003	   +6.360620e-002
+1.574787e+003	   +6.607780e-002
+1.576163e+003	   +6.319133e-002
+1.577539e+003	   +6.306822e-002
+1.578914e+003	   +6.255832e-002
+1.580290e+003	   +6.396720e-002
+1.581666e+003	   +6.291712e-002
+1.583042e+003	   +6.465718e-002
+1.584417e+003	   +6.416827e-002
+1.585793e+003	   +6.585862e-002
+1.587169e+003	   +6.384795e-002
+1.588544e+003	   +6.501112e-002
+1.589920e+003	   +6.462282e-002
+1.591296e+003	   +6.393172e-002
+1.592671e+003	   +6.491757e-002
+1.594047e+003	   +6.445489e-002
+1.595423e+003	   +6.415628e-002
+1.596798e+003	   +6.471194e-002
+1.598174e+003	   +6.550781e-002
+1.599550e+003	   +6.499117e-002
+1.600925e+003	   +6.403051e-002
+1.602301e+003	   +6.539772e-002
+1.603677e+003	   +6.507944e-002
+1.605052e+003	   +6.600692e-002
+1.606428e+003	   +6.561671e-002
+1.607804e+003	   +6.540270e-002
+1.609180e+003	   +6.492729e-002
+1.610555e+003	   +6.541679e-002
+1.611931e+003	   +6.504059e-002
+1.613307e+003	   +6.499371e-002
+1.614682e+003	   +6.580593e-002
+1.616058e+003	   +6.549379e-002
+1.617434e+003	   +6.501285e-002
+1.618809e+003	   +6.517229e-002
+1.620185e+003	   +6.522062e-002
+1.621561e+003	   +6.526652e-002
+1.622937e+003	   +6.523207e-002
+1.624312e+003	   +6.492554e-002
+1.625688e+003	   +6.565703e-002
+1.627063e+003	   +6.503210e-002
+1.628439e+003	   +6.530546e-002
+1.629815e+003	   +6.472027e-002
+1.631191e+003	   +6.435987e-002
+1.632566e+003	   +6.461889e-002
+1.633942e+003	   +6.391501e-002
+1.635318e+003	   +6.472179e-002
+1.636693e+003	   +6.489432e-002
+1.638069e+003	   +6.389522e-002
+1.639445e+003	   +6.304104e-002
+1.640820e+003	   +6.431855e-002
+1.642196e+003	   +6.265979e-002
+1.643572e+003	   +6.394292e-002
+1.644948e+003	   +6.511396e-002
+1.646323e+003	   +6.418169e-002
+1.647699e+003	   +6.492688e-002
+1.649075e+003	   +6.319232e-002
+1.650450e+003	   +6.464154e-002
+1.651826e+003	   +6.356790e-002
+1.653202e+003	   +6.228106e-002
+1.654577e+003	   +6.225175e-002
+1.655953e+003	   +6.317583e-002
+1.657329e+003	   +6.209448e-002
+1.658704e+003	   +6.322168e-002
+1.660080e+003	   +6.400023e-002
+1.661456e+003	   +6.180996e-002
+1.662831e+003	   +6.306241e-002
+1.664207e+003	   +6.292193e-002
+1.665583e+003	   +6.291115e-002
+1.666958e+003	   +6.301308e-002
+1.668334e+003	   +6.116815e-002
+1.669710e+003	   +6.234146e-002
+1.671086e+003	   +6.260489e-002
+1.672461e+003	   +6.254716e-002
+1.673837e+003	   +6.176353e-002
+1.675213e+003	   +6.234495e-002
+1.676588e+003	   +6.348508e-002
+1.677964e+003	   +6.214537e-002
+1.679340e+003	   +6.223364e-002
+1.680715e+003	   +6.235990e-002
+1.682091e+003	   +6.236498e-002
+1.683467e+003	   +6.056225e-002
+1.684842e+003	   +6.169032e-002
+1.686218e+003	   +6.258749e-002
+1.687594e+003	   +6.191235e-002
+1.688969e+003	   +6.147658e-002
+1.690345e+003	   +6.079271e-002
+1.691721e+003	   +6.098994e-002
+1.693097e+003	   +6.164416e-002
+1.694472e+003	   +6.089442e-002
+1.695848e+003	   +6.208195e-002
+1.697224e+003	   +6.048047e-002
+1.698599e+003	   +6.131057e-002
+1.699975e+003	   +6.065152e-002
+1.701351e+003	   +6.090918e-002
+1.702726e+003	   +6.151746e-002
+1.704102e+003	   +6.088955e-002
+1.705478e+003	   +6.052892e-002
+1.706853e+003	   +6.110257e-002
+1.708229e+003	   +6.159130e-002
+1.709605e+003	   +6.150768e-002
+1.710980e+003	   +6.167921e-002
+1.712356e+003	   +6.136045e-002
+1.713732e+003	   +6.115432e-002
+1.715108e+003	   +6.132774e-002
+1.716483e+003	   +6.178865e-002
+1.717859e+003	   +6.130076e-002
+1.719235e+003	   +6.165928e-002
+1.720610e+003	   +6.175056e-002
+1.721986e+003	   +6.144308e-002
+1.723362e+003	   +6.146053e-002
+1.724737e+003	   +6.086056e-002
+1.726113e+003	   +6.298252e-002
+1.727489e+003	   +6.188908e-002
+1.728864e+003	   +6.072341e-002
+1.730240e+003	   +6.216555e-002
+1.731616e+003	   +6.144131e-002
+1.732991e+003	   +6.173996e-002
+1.734367e+003	   +6.262743e-002
+1.735743e+003	   +6.197143e-002
+1.737119e+003	   +6.067346e-002
+1.738494e+003	   +6.273825e-002
+1.739870e+003	   +6.268911e-002
+1.741246e+003	   +6.241123e-002
+1.742621e+003	   +6.333687e-002
+1.743997e+003	   +6.406981e-002
+1.745373e+003	   +6.273010e-002
+1.746748e+003	   +6.312500e-002
+1.748124e+003	   +6.385414e-002
+1.749500e+003	   +6.148542e-002
+1.750875e+003	   +6.342217e-002
+1.752251e+003	   +6.425975e-002
+1.753627e+003	   +6.389862e-002
+1.755002e+003	   +6.460381e-002
+1.756378e+003	   +6.350818e-002
+1.757754e+003	   +6.457343e-002
+1.759130e+003	   +6.335510e-002
+1.760505e+003	   +6.506962e-002
+1.761881e+003	   +6.405193e-002
+1.763257e+003	   +6.493329e-002
+1.764632e+003	   +6.667718e-002
+1.766008e+003	   +6.525327e-002
+1.767384e+003	   +6.472739e-002
+1.768759e+003	   +6.484048e-002
+1.770135e+003	   +6.533332e-002
+1.771511e+003	   +6.601486e-002
+1.772886e+003	   +6.413886e-002
+1.774262e+003	   +6.518904e-002
+1.775638e+003	   +6.645131e-002
+1.777014e+003	   +6.662066e-002
+1.778389e+003	   +6.449870e-002
+1.779765e+003	   +6.566291e-002
+1.781141e+003	   +6.591892e-002
+1.782516e+003	   +6.576030e-002
+1.783892e+003	   +6.652744e-002
+1.785268e+003	   +6.673786e-002
+1.786643e+003	   +6.564899e-002
+1.788019e+003	   +6.590530e-002
+1.789395e+003	   +6.638376e-002
+1.790770e+003	   +6.613867e-002
+1.792146e+003	   +6.637789e-002
+1.793522e+003	   +6.572314e-002
+1.794897e+003	   +6.716698e-002
+1.796273e+003	   +6.678899e-002
+1.797649e+003	   +6.717409e-002
+1.799025e+003	   +6.725868e-002
+1.800400e+003	   +6.745674e-002
+1.801776e+003	   +6.699956e-002
+1.803152e+003	   +6.812704e-002
+1.804527e+003	   +6.786998e-002
+1.805903e+003	   +6.799508e-002
+1.807279e+003	   +6.795701e-002
+1.808654e+003	   +6.872362e-002
+1.810030e+003	   +6.863134e-002
+1.811406e+003	   +6.849933e-002
+1.812781e+003	   +6.778289e-002
+1.814157e+003	   +6.785051e-002
+1.815533e+003	   +6.725159e-002
+1.816908e+003	   +6.895662e-002
+1.818284e+003	   +6.828484e-002
+1.819660e+003	   +6.737596e-002
+1.821036e+003	   +6.787745e-002
+1.822411e+003	   +6.846701e-002
+1.823787e+003	   +6.785361e-002
+1.825163e+003	   +6.795352e-002
+1.826538e+003	   +6.874736e-002
+1.827914e+003	   +6.795122e-002
+1.829290e+003	   +6.866224e-002
+1.830665e+003	   +6.947854e-002
+1.832041e+003	   +6.707143e-002
+1.833417e+003	   +6.680880e-002
+1.834792e+003	   +6.963484e-002
+1.836168e+003	   +6.831907e-002
+1.837544e+003	   +6.769733e-002
+1.838919e+003	   +6.819182e-002
+1.840295e+003	   +6.817356e-002
+1.841671e+003	   +6.806380e-002
+1.843047e+003	   +6.883851e-002
+1.844422e+003	   +6.836711e-002
+1.845798e+003	   +6.625871e-002
+1.847174e+003	   +6.872595e-002
+1.848549e+003	   +6.692625e-002
+1.849925e+003	   +6.634016e-002
+1.851301e+003	   +6.848533e-002
+1.852676e+003	   +6.681783e-002
+1.854052e+003	   +6.579536e-002
+1.855428e+003	   +6.705888e-002
+1.856803e+003	   +6.569735e-002
+1.858179e+003	   +6.683068e-002
+1.859555e+003	   +6.553140e-002
+1.860930e+003	   +6.718023e-002
+1.862306e+003	   +6.684979e-002
+1.863682e+003	   +6.648490e-002
+1.865057e+003	   +6.482018e-002
+1.866433e+003	   +6.821118e-002
+1.867809e+003	   +6.696301e-002
+1.869185e+003	   +6.826439e-002
+1.870560e+003	   +6.745058e-002
+1.871936e+003	   +6.666784e-002
+1.873312e+003	   +6.613135e-002
+1.874687e+003	   +6.680258e-002
+1.876063e+003	   +6.681786e-002
+1.877439e+003	   +6.666041e-002
+1.878814e+003	   +6.449306e-002
+1.880190e+003	   +6.363049e-002
+1.881566e+003	   +6.684545e-002
+1.882942e+003	   +6.613798e-002
+1.884317e+003	   +6.202091e-002
+1.885693e+003	   +6.648107e-002
+1.887068e+003	   +6.266711e-002
+1.888444e+003	   +6.596567e-002
+1.889820e+003	   +6.268913e-002
+1.891196e+003	   +6.666666e-002
+1.892571e+003	   +6.283826e-002
+1.893947e+003	   +6.372271e-002
+1.895323e+003	   +6.639808e-002
+1.896698e+003	   +6.407266e-002
+1.898074e+003	   +6.165744e-002
+1.899450e+003	   +6.264877e-002
+1.900825e+003	   +6.426931e-002
+1.902201e+003	   +6.510569e-002
+1.903577e+003	   +6.568733e-002
+1.904953e+003	   +6.517456e-002
+1.906328e+003	   +6.479394e-002
+1.907704e+003	   +6.349930e-002
+1.909080e+003	   +6.241434e-002
+1.910455e+003	   +6.307901e-002
+1.911831e+003	   +6.577110e-002
+1.913207e+003	   +6.484422e-002
+1.914582e+003	   +6.385680e-002
+1.915958e+003	   +6.442522e-002
+1.917334e+003	   +6.575682e-002
+1.918709e+003	   +6.178450e-002
+1.920085e+003	   +6.681953e-002
+1.921461e+003	   +6.256431e-002
+1.922836e+003	   +6.710770e-002
+1.924212e+003	   +6.514006e-002
+1.925588e+003	   +6.291275e-002
+1.926964e+003	   +6.652235e-002
+1.928339e+003	   +6.642657e-002
+1.929715e+003	   +6.345531e-002
+1.931091e+003	   +6.381965e-002
+1.932466e+003	   +6.598793e-002
+1.933842e+003	   +6.646938e-002
+1.935218e+003	   +6.681062e-002
+1.936593e+003	   +6.654259e-002
+1.937969e+003	   +6.726416e-002
+1.939345e+003	   +6.811549e-002
+1.940720e+003	   +6.724066e-002
+1.942096e+003	   +6.517998e-002
+1.943472e+003	   +6.765712e-002
+1.944847e+003	   +6.851548e-002
+1.946223e+003	   +6.662828e-002
+1.947599e+003	   +6.923401e-002
+1.948974e+003	   +6.888907e-002
+1.950350e+003	   +6.633507e-002
+1.951726e+003	   +6.828735e-002
+1.953102e+003	   +6.726029e-002
+1.954477e+003	   +6.900316e-002
+1.955853e+003	   +6.919584e-002
+1.957229e+003	   +6.940180e-002
+1.958604e+003	   +7.003848e-002
+1.959980e+003	   +6.985727e-002
+1.961356e+003	   +6.987932e-002
+1.962731e+003	   +6.980731e-002
+1.964107e+003	   +7.246843e-002
+1.965483e+003	   +7.022133e-002
+1.966858e+003	   +7.134973e-002
+1.968234e+003	   +7.129677e-002
+1.969610e+003	   +7.145546e-002
+1.970985e+003	   +7.132795e-002
+1.972361e+003	   +7.149349e-002
+1.973737e+003	   +7.212540e-002
+1.975113e+003	   +7.114326e-002
+1.976488e+003	   +7.108409e-002
+1.977864e+003	   +7.228181e-002
+1.979240e+003	   +7.173291e-002
+1.980615e+003	   +7.191537e-002
+1.981991e+003	   +7.096903e-002
+1.983367e+003	   +7.175209e-002
+1.984742e+003	   +7.178317e-002
+1.986118e+003	   +7.201333e-002
+1.987494e+003	   +7.077172e-002
+1.988869e+003	   +7.056477e-002
+1.990245e+003	   +7.178722e-002
+1.991621e+003	   +7.076123e-002
+1.992996e+003	   +6.997933e-002
+1.994372e+003	   +6.988396e-002
+1.995748e+003	   +6.978648e-002
+1.997124e+003	   +6.908756e-002
+1.998499e+003	   +6.856391e-002
+1.999875e+003	   +6.905610e-002
+2.001251e+003	   +6.799310e-002
+2.002626e+003	   +6.715161e-002
+2.004002e+003	   +6.609052e-002
+2.005378e+003	   +6.494308e-002
+2.006753e+003	   +6.312592e-002
+2.008129e+003	   +6.252865e-002
+2.009505e+003	   +6.221726e-002
+2.010880e+003	   +6.024626e-002
+2.012256e+003	   +5.931756e-002
+2.013632e+003	   +5.780018e-002
+2.015007e+003	   +5.533300e-002
+2.016383e+003	   +5.477099e-002
+2.017759e+003	   +5.294356e-002
+2.019135e+003	   +5.206481e-002
+2.020510e+003	   +4.995285e-002
+2.021886e+003	   +4.690945e-002
+2.023262e+003	   +4.557822e-002
+2.024637e+003	   +4.302098e-002
+2.026013e+003	   +4.088618e-002
+2.027389e+003	   +3.738187e-002
+2.028764e+003	   +3.589525e-002
+2.030140e+003	   +3.269028e-002
+2.031516e+003	   +2.975263e-002
+2.032891e+003	   +2.701424e-002
+2.034267e+003	   +2.485522e-002
+2.035643e+003	   +2.082951e-002
+2.037019e+003	   +1.684986e-002
+2.038394e+003	   +1.449603e-002
+2.039770e+003	   +1.143636e-002
+2.041146e+003	   +4.990404e-003
+2.042521e+003	   +1.178768e-003
+2.043897e+003	   -3.395131e-003
+2.045273e+003	   -6.605684e-003
+2.046648e+003	   -1.334640e-002
+2.048024e+003	   -1.786876e-002
+2.049400e+003	   -2.292339e-002
+2.050775e+003	   -2.807041e-002
+2.052151e+003	   -3.310201e-002
+2.053527e+003	   -3.934774e-002
+2.054902e+003	   -4.647825e-002
+2.056278e+003	   -5.282976e-002
+2.057654e+003	   -5.945757e-002
+2.059030e+003	   -6.655235e-002
+2.060405e+003	   -7.404121e-002
+2.061781e+003	   -8.079371e-002
+2.063156e+003	   -8.829878e-002
+2.064532e+003	   -9.597583e-002
+2.065908e+003	   -1.045299e-001
+2.067284e+003	   -1.132100e-001
+2.068659e+003	   -1.217064e-001
+2.070035e+003	   -1.290895e-001
+2.071411e+003	   -1.395380e-001
+2.072786e+003	   -1.490979e-001
+2.074162e+003	   -1.586272e-001
+2.075538e+003	   -1.683844e-001
+2.076914e+003	   -1.790373e-001
+2.078289e+003	   -1.891353e-001
+2.079665e+003	   -2.006206e-001
+2.081041e+003	   -2.120268e-001
+2.082416e+003	   -2.240684e-001
+2.083792e+003	   -2.353093e-001
+2.085167e+003	   -2.480743e-001
+2.086543e+003	   -2.609551e-001
+2.087919e+003	   -2.736872e-001
+2.089295e+003	   -2.871301e-001
+2.090670e+003	   -3.003989e-001
+2.092046e+003	   -3.146909e-001
+2.093422e+003	   -3.293567e-001
+2.094797e+003	   -3.444838e-001
+2.096173e+003	   -3.588907e-001
+2.097549e+003	   -3.735937e-001
+2.098925e+003	   -3.902680e-001
+2.100300e+003	   -4.061967e-001
+2.101676e+003	   -4.234762e-001
+2.103052e+003	   -4.396677e-001
+2.104427e+003	   -4.561959e-001
+2.105803e+003	   -4.756519e-001
+2.107179e+003	   -4.951865e-001
+2.108554e+003	   -5.132840e-001
+2.109930e+003	   -5.327698e-001
+2.111306e+003	   -5.494440e-001
+2.112681e+003	   -5.732234e-001
+2.114057e+003	   -5.936406e-001
+2.115433e+003	   -6.137393e-001
+2.116808e+003	   -6.345189e-001
+2.118184e+003	   -6.575798e-001
+2.119560e+003	   -6.798655e-001
+2.120936e+003	   -7.043548e-001
+2.122311e+003	   -7.281958e-001
+2.123687e+003	   -7.512823e-001
+2.125063e+003	   -7.764220e-001
+2.126438e+003	   -8.016486e-001
+2.127814e+003	   -8.261656e-001
+2.129190e+003	   -8.522568e-001
+2.130565e+003	   -8.800480e-001
+2.131941e+003	   -9.050351e-001
+2.133317e+003	   -9.314981e-001
+2.134692e+003	   -9.612157e-001
+2.136068e+003	   -9.895279e-001
+2.137444e+003	   -1.021512e+000
+2.138819e+003	   -1.051079e+000
+2.140195e+003	   -1.079973e+000
+2.141571e+003	   -1.113214e+000
+2.142947e+003	   -1.143749e+000
+2.144322e+003	   -1.178885e+000
+2.145698e+003	   -1.210407e+000
+2.147073e+003	   -1.243327e+000
+2.148449e+003	   -1.277241e+000
+2.149825e+003	   -1.312376e+000
+2.151201e+003	   -1.348145e+000
+2.152576e+003	   -1.383482e+000
+2.153952e+003	   -1.421777e+000
+2.155328e+003	   -1.459999e+000
+2.156703e+003	   -1.496578e+000
+2.158079e+003	   -1.533037e+000
+2.159455e+003	   -1.575010e+000
+2.160830e+003	   -1.617180e+000
+2.162206e+003	   -1.657403e+000
+2.163582e+003	   -1.699242e+000
+2.164958e+003	   -1.741499e+000
+2.166333e+003	   -1.784408e+000
+2.167709e+003	   -1.828818e+000
+2.169084e+003	   -1.873221e+000
+2.170460e+003	   -1.918688e+000
+2.171836e+003	   -1.964924e+000
+2.173212e+003	   -2.007087e+000
+2.174587e+003	   -2.058183e+000
+2.175963e+003	   -2.102377e+000
+2.177339e+003	   -2.155239e+000
+2.178714e+003	   -2.205632e+000
+2.180090e+003	   -2.256070e+000
+2.181466e+003	   -2.307195e+000
+2.182841e+003	   -2.358723e+000
+2.184217e+003	   -2.411669e+000
+2.185593e+003	   -2.460119e+000
+2.186969e+003	   -2.519327e+000
+2.188344e+003	   -2.573812e+000
+2.189720e+003	   -2.629266e+000
+2.191095e+003	   -2.685030e+000
+2.192471e+003	   -2.742193e+000
+2.193847e+003	   -2.799875e+000
+2.195223e+003	   -2.858780e+000
+2.196598e+003	   -2.917746e+000
+2.197974e+003	   -2.977931e+000
+2.199350e+003	   -3.039744e+000
+2.200725e+003	   -3.102543e+000
+2.202101e+003	   -3.165940e+000
+2.203477e+003	   -3.230655e+000
+2.204853e+003	   -3.296253e+000
+2.206228e+003	   -3.362709e+000
+2.207604e+003	   -3.422466e+000
+2.208979e+003	   -3.497611e+000
+2.210355e+003	   -3.564012e+000
+2.211731e+003	   -3.633142e+000
+2.213106e+003	   -3.702592e+000
+2.214482e+003	   -3.773728e+000
+2.215858e+003	   -3.845743e+000
+2.217234e+003	   -3.918037e+000
+2.218609e+003	   -3.992426e+000
+2.219985e+003	   -4.067164e+000
+2.221361e+003	   -4.142561e+000
+2.222736e+003	   -4.218120e+000
+2.224112e+003	   -4.297898e+000
+2.225488e+003	   -4.367514e+000
+2.226864e+003	   -4.455948e+000
+2.228239e+003	   -4.537482e+000
+2.229615e+003	   -4.618032e+000
+2.230990e+003	   -4.698938e+000
+2.232366e+003	   -4.785502e+000
+2.233742e+003	   -4.872687e+000
+2.235118e+003	   -4.957407e+000
+2.236493e+003	   -5.043068e+000
+2.237869e+003	   -5.131954e+000
+2.239245e+003	   -5.222715e+000
+2.240620e+003	   -5.311807e+000
+2.241996e+003	   -5.403622e+000
+2.243372e+003	   -5.494593e+000
+2.244747e+003	   -5.587627e+000
+2.246123e+003	   -5.682258e+000
+2.247499e+003	   -5.776917e+000
+2.248875e+003	   -5.870042e+000
+2.250250e+003	   -5.967377e+000
+2.251626e+003	   -6.067315e+000
+2.253001e+003	   -6.168730e+000
+2.254377e+003	   -6.269596e+000
+2.255753e+003	   -6.371847e+000
+2.257129e+003	   -6.475096e+000
+2.258504e+003	   -6.579301e+000
+2.259880e+003	   -6.683971e+000
+2.261256e+003	   -6.779051e+000
+2.262631e+003	   -6.895928e+000
+2.264007e+003	   -7.003907e+000
+2.265383e+003	   -7.115041e+000
+2.266758e+003	   -7.225624e+000
+2.268134e+003	   -7.337813e+000
+2.269510e+003	   -7.451812e+000
+2.270885e+003	   -7.555166e+000
+2.272261e+003	   -7.672863e+000
+2.273637e+003	   -7.801661e+000
+2.275012e+003	   -7.920613e+000
+2.276388e+003	   -8.041723e+000
+2.277764e+003	   -8.162977e+000
+2.279140e+003	   -8.273756e+000
+2.280515e+003	   -8.409185e+000
+2.281891e+003	   -8.534715e+000
+2.283267e+003	   -8.661505e+000
+2.284642e+003	   -8.787712e+000
+2.286018e+003	   -8.914762e+000
+2.287394e+003	   -9.044580e+000
+2.288769e+003	   -9.177346e+000
+2.290145e+003	   -9.313476e+000
+2.291521e+003	   -9.446344e+000
+2.292896e+003	   -9.582882e+000
+2.294272e+003	   -9.720152e+000
+2.295648e+003	   -9.857491e+000
+2.297023e+003	   -9.996687e+000
+2.298399e+003	   -1.013656e+001
+2.299775e+003	   -1.027818e+001
+2.301151e+003	   -1.041141e+001
+2.302526e+003	   -1.057086e+001
+2.303902e+003	   -1.071642e+001
+2.305278e+003	   -1.086467e+001
+2.306653e+003	   -1.101782e+001
+2.308029e+003	   -1.117172e+001
+2.309405e+003	   -1.132371e+001
+2.310780e+003	   -1.147670e+001
+2.312156e+003	   -1.163334e+001
+2.313532e+003	   -1.177380e+001
+2.314907e+003	   -1.194867e+001
+2.316283e+003	   -1.211022e+001
+2.317659e+003	   -1.227351e+001
+2.319034e+003	   -1.243438e+001
+2.320410e+003	   -1.260320e+001
+2.321786e+003	   -1.277176e+001
+2.323162e+003	   -1.293761e+001
+2.324537e+003	   -1.310876e+001
+2.325913e+003	   -1.328152e+001
+2.327289e+003	   -1.345512e+001
+2.328664e+003	   -1.363274e+001
+2.330040e+003	   -1.379117e+001
+2.331416e+003	   -1.398948e+001
+2.332792e+003	   -1.416971e+001
+2.334167e+003	   -1.435387e+001
+2.335543e+003	   -1.453850e+001
+2.336918e+003	   -1.472011e+001
+2.338294e+003	   -1.491004e+001
+2.339670e+003	   -1.509976e+001
+2.341045e+003	   -1.529406e+001
+2.342421e+003	   -1.548801e+001
+2.343797e+003	   -1.568015e+001
+2.345173e+003	   -1.587787e+001
+2.346548e+003	   -1.607686e+001
+2.347924e+003	   -1.628037e+001
+2.349300e+003	   -1.648292e+001
+2.350675e+003	   -1.668807e+001
+2.352051e+003	   -1.689823e+001
+2.353427e+003	   -1.710670e+001
+2.354802e+003	   -1.731920e+001
+2.356178e+003	   -1.753372e+001
+2.357554e+003	   -1.775092e+001
+2.358929e+003	   -1.796256e+001
+2.360305e+003	   -1.818711e+001
+2.361681e+003	   -1.840936e+001
+2.363057e+003	   -1.863279e+001
+2.364432e+003	   -1.885888e+001
+2.365808e+003	   -1.908753e+001
+2.367184e+003	   -1.929788e+001
+2.368559e+003	   -1.954836e+001
+2.369935e+003	   -1.978887e+001
+2.371311e+003	   -2.002703e+001
+2.372686e+003	   -2.026270e+001
+2.374062e+003	   -2.051299e+001
+2.375438e+003	   -2.075819e+001
+2.376813e+003	   -2.100311e+001
+2.378189e+003	   -2.125675e+001
+2.379565e+003	   -2.150961e+001
+2.380940e+003	   -2.176745e+001
+2.382316e+003	   -2.200243e+001
+2.383692e+003	   -2.226236e+001
+2.385068e+003	   -2.254465e+001
+2.386443e+003	   -2.281447e+001
+2.387819e+003	   -2.308492e+001
+2.389195e+003	   -2.335848e+001
+2.390570e+003	   -2.363070e+001
+2.391946e+003	   -2.390775e+001
+2.393322e+003	   -2.419039e+001
+2.394697e+003	   -2.448072e+001
+2.396073e+003	   -2.476640e+001
+2.397449e+003	   -2.505178e+001
+2.398824e+003	   -2.534593e+001
+2.400200e+003	   -2.564228e+001
+2.401576e+003	   -2.594350e+001
+2.402951e+003	   -2.625152e+001
+2.404327e+003	   -2.655792e+001
+2.405703e+003	   -2.686084e+001
+2.407079e+003	   -2.717840e+001
+2.408454e+003	   -2.749530e+001
+2.409830e+003	   -2.781969e+001
+2.411206e+003	   -2.814420e+001
+2.412581e+003	   -2.846507e+001
+2.413957e+003	   -2.877311e+001
+2.415333e+003	   -2.912926e+001
+2.416708e+003	   -2.944806e+001
+2.418084e+003	   -2.979222e+001
+2.419460e+003	   -3.015798e+001
+2.420835e+003	   -3.052646e+001
+2.422211e+003	   -3.088004e+001
+2.423587e+003	   -3.124619e+001
+2.424962e+003	   -3.159477e+001
+2.426338e+003	   -3.196162e+001
+2.427714e+003	   -3.234989e+001
+2.429090e+003	   -3.272003e+001
+2.430465e+003	   -3.311089e+001
+2.431841e+003	   -3.349353e+001
+2.433217e+003	   -3.390424e+001
+2.434592e+003	   -3.431557e+001
+2.435968e+003	   -3.470427e+001
+2.437344e+003	   -3.511158e+001
+2.438719e+003	   -3.551561e+001
+2.440095e+003	   -3.592632e+001
+2.441471e+003	   -3.637552e+001
+2.442846e+003	   -3.678521e+001
+2.444222e+003	   -3.724759e+001
+2.445598e+003	   -3.768142e+001
+2.446973e+003	   -3.812357e+001
+2.448349e+003	   -3.863901e+001
+2.449725e+003	   -3.908516e+001
+2.451101e+003	   -3.957452e+001
+2.452476e+003	   -4.002646e+001
+2.453852e+003	   -4.052946e+001
+2.455228e+003	   -4.104081e+001
+2.456603e+003	   -4.152863e+001
+2.457979e+003	   -4.199804e+001
+2.459355e+003	   -4.250153e+001
+2.460730e+003	   -4.310151e+001
+2.462106e+003	   -4.362733e+001
+2.463482e+003	   -4.416347e+001
+2.464857e+003	   -4.480072e+001
+2.466233e+003	   -4.537786e+001
+2.467609e+003	   -4.597661e+001
+2.468984e+003	   -4.650185e+001
+2.470360e+003	   -4.706974e+001
+2.471736e+003	   -4.779255e+001
+2.473112e+003	   -4.841492e+001
+2.474487e+003	   -4.909328e+001
+2.475863e+003	   -4.972813e+001
+2.477239e+003	   -5.032500e+001
+2.478614e+003	   -5.100968e+001
+2.479990e+003	   -5.176555e+001
+2.481366e+003	   -5.266724e+001
+2.482741e+003	   -5.340090e+001
+2.484117e+003	   -5.412500e+001
+2.485493e+003	   -5.491278e+001
+2.486868e+003	   -5.564234e+001
+2.488244e+003	   -5.630495e+001
+2.489620e+003	   -5.757413e+001
+2.490996e+003	   -5.821843e+001
+2.492371e+003	   -5.925145e+001
+2.493747e+003	   -5.976207e+001
+2.495123e+003	   -6.109156e+001
+2.496498e+003	   -6.212063e+001
+2.497874e+003	   -6.289318e+001
+2.499250e+003	   -6.386077e+001
+2.500625e+003	   -6.542080e+001
+2.502001e+003	   -6.794424e+001
+2.503377e+003	   -6.833281e+001
+2.504752e+003	   -6.826285e+001
+2.506128e+003	   -6.898796e+001
+2.507504e+003	   -7.136358e+001
+2.508879e+003	   -7.331416e+001
+2.510255e+003	   -7.598682e+001
+2.511631e+003	   -8.267828e+001
+2.513007e+003	   -8.182660e+001
+2.514382e+003	   -7.466956e+001
+2.515758e+003	   -7.853101e+001
+2.517134e+003	   -9.396142e+001
+2.518509e+003	   -7.797490e+001
+2.519885e+003	   -8.010793e+001
+2.521261e+003	   -8.271696e+001
+2.522636e+003	   -7.968813e+001
+2.524012e+003	   -8.170576e+001
+2.525388e+003	   -8.204890e+001
+2.526763e+003	   -7.891805e+001
+2.528139e+003	   -8.440201e+001
+2.529515e+003	   -7.904078e+001
+2.530890e+003	   -7.677203e+001
+2.532266e+003	   -8.291465e+001
+2.533642e+003	   -8.564539e+001
+2.535018e+003	   -8.266785e+001
+2.536393e+003	   -8.147179e+001
+2.537769e+003	   -7.780527e+001
+2.539145e+003	   -7.681799e+001
+2.540520e+003	   -7.706973e+001
+2.541896e+003	   -7.805702e+001
+2.543272e+003	   -8.277463e+001
+2.544647e+003	   -7.630661e+001
+2.546023e+003	   -7.170409e+001
+2.547399e+003	   -6.968672e+001
+2.548774e+003	   -7.401685e+001
+2.550150e+003	   -7.145593e+001
+2.551526e+003	   -6.962719e+001
+2.552901e+003	   -7.317320e+001
+2.554277e+003	   -6.825024e+001
+2.555653e+003	   -7.310347e+001
+2.557029e+003	   -6.769038e+001
+2.558404e+003	   -6.977762e+001
+2.559780e+003	   -6.961890e+001
+2.561156e+003	   -6.774286e+001
+2.562531e+003	   -6.896319e+001
+2.563907e+003	   -7.026913e+001
+2.565283e+003	   -6.923220e+001
+2.566658e+003	   -6.701854e+001
+2.568034e+003	   -6.718902e+001
+2.569410e+003	   -6.619955e+001
+2.570785e+003	   -6.637787e+001
+2.572161e+003	   -6.615421e+001
+2.573537e+003	   -6.631345e+001
+2.574912e+003	   -6.615987e+001
+2.576288e+003	   -6.705293e+001
+2.577664e+003	   -6.749435e+001
+2.579040e+003	   -6.623533e+001
+2.580415e+003	   -6.655391e+001
+2.581791e+003	   -6.799413e+001
+2.583167e+003	   -6.711371e+001
+2.584542e+003	   -6.699116e+001
+2.585918e+003	   -6.764024e+001
+2.587294e+003	   -6.614082e+001
+2.588669e+003	   -6.783006e+001
+2.590045e+003	   -6.792130e+001
+2.591421e+003	   -6.679426e+001
+2.592796e+003	   -6.767678e+001
+2.594172e+003	   -6.777045e+001
+2.595548e+003	   -6.822055e+001
+2.596923e+003	   -6.732392e+001
+2.598299e+003	   -6.886395e+001
+2.599675e+003	   -6.865295e+001
+2.601051e+003	   -6.874152e+001
+2.602426e+003	   -6.888778e+001
+2.603802e+003	   -6.914925e+001
+2.605177e+003	   -6.877974e+001
+2.606553e+003	   -6.950489e+001
+2.607929e+003	   -6.988754e+001
+2.609305e+003	   -7.003415e+001
+2.610680e+003	   -7.134607e+001
+2.612056e+003	   -7.087330e+001
+2.613432e+003	   -7.201421e+001
+2.614807e+003	   -7.306878e+001
+2.616183e+003	   -7.291802e+001
+2.617559e+003	   -7.459846e+001
+2.618935e+003	   -7.161848e+001
+2.620310e+003	   -7.666679e+001
+2.621686e+003	   -7.326839e+001
+2.623062e+003	   -7.559782e+001
+2.624437e+003	   -7.848492e+001
+2.625813e+003	   -7.692950e+001
+2.627188e+003	   -7.519933e+001
+2.628564e+003	   -8.266006e+001
+2.629940e+003	   -8.318428e+001
+2.631316e+003	   -7.984506e+001
+2.632691e+003	   -8.368762e+001
+2.634067e+003	   -8.532906e+001
+2.635443e+003	   -8.312676e+001
+2.636818e+003	   -8.516134e+001
+2.638194e+003	   -9.150225e+001
+2.639570e+003	   -8.970387e+001
+2.640946e+003	   -9.400445e+001
+2.642321e+003	   -9.707204e+001
+2.643697e+003	   -9.735562e+001
+2.645073e+003	   -8.104874e+001
+2.646448e+003	   -8.796440e+001
+2.647824e+003	   -8.223279e+001
+2.649200e+003	   -8.113161e+001
+2.650575e+003	   -8.328601e+001
+2.651951e+003	   -8.340086e+001
+2.653327e+003	   -8.418707e+001
+2.654702e+003	   -8.080701e+001
+2.656078e+003	   -8.154294e+001
+2.657454e+003	   -7.827509e+001
+2.658829e+003	   -7.936537e+001
+2.660205e+003	   -7.743411e+001
+2.661581e+003	   -7.795580e+001
+2.662957e+003	   -7.817619e+001
+2.664332e+003	   -7.844380e+001
+2.665708e+003	   -7.687667e+001
+2.667083e+003	   -7.809493e+001
+2.668459e+003	   -7.741879e+001
+2.669835e+003	   -7.825893e+001
+2.671211e+003	   -7.792734e+001
+2.672586e+003	   -8.100223e+001
+2.673962e+003	   -8.038290e+001
+2.675338e+003	   -7.876415e+001
+2.676713e+003	   -7.779498e+001
+2.678089e+003	   -8.180352e+001
+2.679465e+003	   -7.664694e+001
+2.680840e+003	   -7.957316e+001
+2.682216e+003	   -7.709580e+001
+2.683592e+003	   -7.903864e+001
+2.684968e+003	   -7.735342e+001
+2.686343e+003	   -7.853923e+001
+2.687719e+003	   -7.968291e+001
+2.689094e+003	   -8.071102e+001
+2.690470e+003	   -8.044897e+001
+2.691846e+003	   -8.162942e+001
+2.693222e+003	   -8.226579e+001
+2.694597e+003	   -8.226414e+001
+2.695973e+003	   -7.901063e+001
+2.697349e+003	   -7.979159e+001
+2.698724e+003	   -8.008852e+001
+2.700100e+003	   -8.488602e+001
+2.701476e+003	   -8.009184e+001
+2.702851e+003	   -8.508288e+001
+2.704227e+003	   -9.826208e+001
+2.705603e+003	   -8.590910e+001
+2.706979e+003	   -8.919521e+001
+2.708354e+003	   -1.003766e+002
+2.709730e+003	   -9.182379e+001
+2.711105e+003	   -8.985525e+001
+2.712481e+003	   -8.941707e+001
+2.713857e+003	   -9.377690e+001
+2.715233e+003	   -8.939982e+001
+2.716608e+003	   -8.863232e+001
+2.717984e+003	   -8.520058e+001
+2.719360e+003	   -8.687955e+001
+2.720735e+003	   -8.339667e+001
+2.722111e+003	   -8.464255e+001
+2.723487e+003	   -8.556504e+001
+2.724863e+003	   -8.508730e+001
+2.726238e+003	   -7.966545e+001
+2.727614e+003	   -8.235210e+001
+2.728990e+003	   -7.826022e+001
+2.730365e+003	   -7.940096e+001
+2.731741e+003	   -8.199612e+001
+2.733116e+003	   -7.881829e+001
+2.734492e+003	   -7.986399e+001
+2.735868e+003	   -7.555465e+001
+2.737244e+003	   -7.693342e+001
+2.738619e+003	   -7.674254e+001
+2.739995e+003	   -7.720844e+001
+2.741371e+003	   -7.681802e+001
+2.742746e+003	   -7.651191e+001
+2.744122e+003	   -7.668987e+001
+2.745498e+003	   -7.598494e+001
+2.746874e+003	   -7.539701e+001
+2.748249e+003	   -7.555647e+001
+2.749625e+003	   -7.726781e+001
+2.751000e+003	   -7.296437e+001
+2.752376e+003	   -7.579346e+001
+2.753752e+003	   -7.420567e+001
+2.755128e+003	   -7.472210e+001
+2.756503e+003	   -7.513672e+001
+2.757879e+003	   -7.608461e+001
+2.759255e+003	   -7.563636e+001
+2.760630e+003	   -7.516355e+001
+2.762006e+003	   -7.620815e+001
+2.763382e+003	   -7.484531e+001
+2.764757e+003	   -7.546059e+001
+2.766133e+003	   -7.451557e+001
+2.767509e+003	   -7.540196e+001
+2.768885e+003	   -7.569035e+001
+2.770260e+003	   -7.500795e+001
+2.771636e+003	   -7.577079e+001
+2.773011e+003	   -7.468533e+001
+2.774387e+003	   -7.579636e+001
+2.775763e+003	   -7.637675e+001
+2.777139e+003	   -7.540089e+001
+2.778514e+003	   -7.532278e+001
+2.779890e+003	   -7.668053e+001
+2.781266e+003	   -7.610338e+001
+2.782641e+003	   -7.477063e+001
+2.784017e+003	   -7.953858e+001
+2.785393e+003	   -8.036068e+001
+2.786768e+003	   -7.738079e+001
+2.788144e+003	   -7.843966e+001
+2.789520e+003	   -7.845669e+001
+2.790896e+003	   -7.822752e+001
+2.792271e+003	   -7.933458e+001
+2.793647e+003	   -7.957245e+001
+2.795022e+003	   -8.064477e+001
+2.796398e+003	   -8.121845e+001
+2.797774e+003	   -8.266872e+001
+2.799150e+003	   -8.286937e+001
+2.800525e+003	   -8.335615e+001
+2.801901e+003	   -8.566806e+001
+2.803277e+003	   -8.966540e+001
+2.804652e+003	   -8.740253e+001
+2.806028e+003	   -9.466972e+001
+2.807404e+003	   -9.174281e+001
+2.808779e+003	   -9.286961e+001
+2.810155e+003	   -9.173869e+001
+2.811531e+003	   -9.320326e+001
+2.812906e+003	   -8.579775e+001
+2.814282e+003	   -9.243423e+001
+2.815658e+003	   -8.861198e+001
+2.817033e+003	   -8.521101e+001
+2.818409e+003	   -8.095349e+001
+2.819785e+003	   -8.502351e+001
+2.821161e+003	   -8.397443e+001
+2.822536e+003	   -8.615703e+001
+2.823912e+003	   -8.029678e+001
+2.825288e+003	   -7.762662e+001
+2.826663e+003	   -7.921867e+001
+2.828039e+003	   -7.785020e+001
+2.829415e+003	   -7.927272e+001
+2.830790e+003	   -7.773077e+001
+2.832166e+003	   -7.982475e+001
+2.833542e+003	   -7.664624e+001
+2.834917e+003	   -7.530556e+001
+2.836293e+003	   -7.589001e+001
+2.837669e+003	   -7.457034e+001
+2.839044e+003	   -7.523932e+001
+2.840420e+003	   -7.472523e+001
+2.841796e+003	   -7.343921e+001
+2.843172e+003	   -7.652834e+001
+2.844547e+003	   -7.490082e+001
+2.845923e+003	   -7.505650e+001
+2.847299e+003	   -7.416390e+001
+2.848674e+003	   -7.321540e+001
+2.850050e+003	   -7.432793e+001
+2.851426e+003	   -7.404182e+001
+2.852802e+003	   -7.339677e+001
+2.854177e+003	   -7.320168e+001
+2.855553e+003	   -7.424190e+001
+2.856928e+003	   -7.273738e+001
+2.858304e+003	   -7.376115e+001
+2.859680e+003	   -7.278117e+001
+2.861055e+003	   -7.310915e+001
+2.862431e+003	   -7.421059e+001
+2.863807e+003	   -7.292824e+001
+2.865183e+003	   -7.372179e+001
+2.866558e+003	   -7.217127e+001
+2.867934e+003	   -7.381050e+001
+2.869310e+003	   -7.327079e+001
+2.870685e+003	   -7.290672e+001
+2.872061e+003	   -7.220198e+001
+2.873437e+003	   -7.469152e+001
+2.874813e+003	   -7.231055e+001
+2.876188e+003	   -7.430800e+001
+2.877564e+003	   -7.570570e+001
+2.878939e+003	   -7.517314e+001
+2.880315e+003	   -7.421775e+001
+2.881691e+003	   -7.273650e+001
+2.883067e+003	   -7.392402e+001
+2.884442e+003	   -7.460709e+001
+2.885818e+003	   -7.454910e+001
+2.887194e+003	   -7.587148e+001
+2.888569e+003	   -7.433250e+001
+2.889945e+003	   -7.634160e+001
+2.891321e+003	   -7.641219e+001
+2.892696e+003	   -7.775668e+001
+2.894072e+003	   -7.669578e+001
+2.895448e+003	   -7.673589e+001
+2.896823e+003	   -7.709278e+001
+2.898199e+003	   -7.777173e+001
+2.899575e+003	   -7.816275e+001
+2.900950e+003	   -7.959917e+001
+2.902326e+003	   -7.989275e+001
+2.903702e+003	   -8.099737e+001
+2.905078e+003	   -8.445494e+001
+2.906453e+003	   -8.331870e+001
+2.907829e+003	   -8.282877e+001
+2.909205e+003	   -8.828240e+001
+2.910580e+003	   -8.302893e+001
+2.911956e+003	   -8.935390e+001
+2.913332e+003	   -1.032598e+002
+2.914707e+003	   -8.987440e+001
+2.916083e+003	   -9.419878e+001
+2.917459e+003	   -9.172908e+001
+2.918834e+003	   -9.653107e+001
+2.920210e+003	   -9.317029e+001
+2.921586e+003	   -1.090019e+002
+2.922961e+003	   -8.530863e+001
+2.924337e+003	   -8.450278e+001
+2.925713e+003	   -8.808871e+001
+2.927089e+003	   -8.260258e+001
+2.928464e+003	   -7.985156e+001
+2.929840e+003	   -8.091293e+001
+2.931216e+003	   -8.074897e+001
+2.932591e+003	   -7.856644e+001
+2.933967e+003	   -7.886708e+001
+2.935343e+003	   -7.926701e+001
+2.936718e+003	   -7.652291e+001
+2.938094e+003	   -7.729713e+001
+2.939470e+003	   -7.720287e+001
+2.940845e+003	   -7.749638e+001
+2.942221e+003	   -7.603533e+001
+2.943597e+003	   -7.523170e+001
+2.944972e+003	   -7.419191e+001
+2.946348e+003	   -7.491019e+001
+2.947724e+003	   -7.622094e+001
+2.949100e+003	   -7.415859e+001
+2.950475e+003	   -7.377322e+001
+2.951851e+003	   -7.328314e+001
+2.953227e+003	   -7.295815e+001
+2.954602e+003	   -7.278786e+001
+2.955978e+003	   -7.132416e+001
+2.957354e+003	   -7.273335e+001
+2.958729e+003	   -7.265712e+001
+2.960105e+003	   -7.271620e+001
+2.961481e+003	   -7.120023e+001
+2.962856e+003	   -7.282689e+001
+2.964232e+003	   -7.009098e+001
+2.965608e+003	   -7.182558e+001
+2.966983e+003	   -7.078316e+001
+2.968359e+003	   -7.154852e+001
+2.969735e+003	   -7.098745e+001
+2.971111e+003	   -7.068239e+001
+2.972486e+003	   -7.099276e+001
+2.973862e+003	   -7.105599e+001
+2.975238e+003	   -7.028875e+001
+2.976613e+003	   -6.998594e+001
+2.977989e+003	   -6.981219e+001
+2.979365e+003	   -6.990706e+001
+2.980740e+003	   -6.964813e+001
+2.982116e+003	   -7.045959e+001
+2.983492e+003	   -7.006303e+001
+2.984867e+003	   -6.967161e+001
+2.986243e+003	   -7.016016e+001
+2.987619e+003	   -6.939387e+001
+2.988994e+003	   -7.023435e+001
+2.990370e+003	   -6.965039e+001
+2.991746e+003	   -6.957465e+001
+2.993122e+003	   -6.964809e+001
+2.994497e+003	   -6.934278e+001
+2.995873e+003	   -7.014066e+001
+2.997249e+003	   -7.033240e+001
+2.998624e+003	   -6.904678e+001
+3.000000e+003	   -6.962121e+001
