+1.000000e+001	   -8.308986e+000
+2.200100e+001	   -3.455143e+000
+3.400200e+001	   -1.805250e+000
+4.600300e+001	   -1.080548e+000
+5.800400e+001	   -7.059554e-001
+7.000500e+001	   -4.936002e-001
+8.200600e+001	   -3.504797e-001
+9.400700e+001	   -2.552525e-001
+1.060080e+002	   -1.894359e-001
+1.180090e+002	   -1.378646e-001
+1.300100e+002	   -9.928026e-002
+1.420110e+002	   -6.990482e-002
+1.540120e+002	   -5.018290e-002
+1.660130e+002	   -3.268533e-002
+1.780140e+002	   -2.083426e-002
+1.900150e+002	   -1.121205e-002
+2.020160e+002	   -4.529830e-003
+2.140170e+002	   +1.076376e-003
+2.260180e+002	   +3.904883e-003
+2.380190e+002	   +4.893121e-003
+2.500200e+002	   +8.165638e-003
+2.620210e+002	   +1.037010e-002
+2.740220e+002	   +1.244613e-002
+2.860230e+002	   +1.496069e-002
+2.980240e+002	   +1.837779e-002
+3.100250e+002	   +2.076679e-002
+3.220260e+002	   +2.600702e-002
+3.340270e+002	   +2.943978e-002
+3.460280e+002	   +3.333353e-002
+3.580290e+002	   +2.884171e-002
+3.700300e+002	   +3.985409e-002
+3.820310e+002	   +4.223410e-002
+3.940320e+002	   +4.505317e-002
+4.060330e+002	   +4.720739e-002
+4.180340e+002	   +4.410089e-002
+4.300350e+002	   +4.807515e-002
+4.420360e+002	   +4.754094e-002
+4.540370e+002	   +4.486638e-002
+4.660380e+002	   +4.600661e-002
+4.780390e+002	   +4.548865e-002
+4.900400e+002	   +4.562151e-002
+5.020410e+002	   +4.514804e-002
+5.140420e+002	   +4.366655e-002
+5.260430e+002	   +4.471943e-002
+5.380440e+002	   +4.600411e-002
+5.500450e+002	   +4.650461e-002
+5.620460e+002	   +4.838834e-002
+5.740470e+002	   +5.039100e-002
+5.860480e+002	   +5.168162e-002
+5.980490e+002	   +5.356063e-002
+6.100500e+002	   +5.390427e-002
+6.220510e+002	   +5.527938e-002
+6.340520e+002	   +5.594930e-002
+6.460530e+002	   +5.500776e-002
+6.580540e+002	   +5.474726e-002
+6.700551e+002	   +5.436298e-002
+6.820560e+002	   +5.290540e-002
+6.940570e+002	   +5.429668e-002
+7.060580e+002	   +5.345279e-002
+7.180590e+002	   +5.165610e-002
+7.300601e+002	   +5.136913e-002
+7.420610e+002	   +5.148001e-002
+7.540620e+002	   +5.129262e-002
+7.660630e+002	   +5.176968e-002
+7.780640e+002	   +5.305596e-002
+7.900650e+002	   +5.527622e-002
+8.020660e+002	   +5.537738e-002
+8.140670e+002	   +5.666005e-002
+8.260681e+002	   +5.779773e-002
+8.380690e+002	   +5.690639e-002
+8.500700e+002	   +5.665214e-002
+8.620710e+002	   +5.604320e-002
+8.740720e+002	   +5.563981e-002
+8.860731e+002	   +4.875324e-002
+8.980740e+002	   +5.512847e-002
+9.100750e+002	   +5.282101e-002
+9.220760e+002	   +5.377568e-002
+9.340770e+002	   +5.277253e-002
+9.460781e+002	   +5.421597e-002
+9.580790e+002	   +5.528837e-002
+9.700800e+002	   +5.550601e-002
+9.820811e+002	   +5.523509e-002
+9.940820e+002	   +5.258154e-002
+1.006083e+003	   +4.754004e-002
+1.018084e+003	   +3.669126e-002
+1.030085e+003	   +1.854671e-002
+1.042086e+003	   -1.266324e-002
+1.054087e+003	   -5.662647e-002
+1.066088e+003	   -1.184533e-001
+1.078089e+003	   -1.981274e-001
+1.090090e+003	   -3.051793e-001
+1.102091e+003	   -4.361196e-001
+1.114092e+003	   -6.002447e-001
+1.126093e+003	   -8.004766e-001
+1.138094e+003	   -1.040878e+000
+1.150095e+003	   -1.300621e+000
+1.162096e+003	   -1.659567e+000
+1.174097e+003	   -2.047042e+000
+1.186098e+003	   -2.491537e+000
+1.198099e+003	   -2.990747e+000
+1.210100e+003	   -3.559942e+000
+1.222101e+003	   -4.193735e+000
+1.234102e+003	   -4.904417e+000
+1.246103e+003	   -5.693474e+000
+1.258104e+003	   -6.563513e+000
+1.270105e+003	   -7.516063e+000
+1.282106e+003	   -8.571835e+000
+1.294107e+003	   -9.718460e+000
+1.306108e+003	   -1.085648e+001
+1.318109e+003	   -1.234363e+001
+1.330110e+003	   -1.383297e+001
+1.342111e+003	   -1.545795e+001
+1.354112e+003	   -1.722567e+001
+1.366113e+003	   -1.914779e+001
+1.378114e+003	   -2.125007e+001
+1.390115e+003	   -2.354605e+001
+1.402116e+003	   -2.581693e+001
+1.414117e+003	   -2.884211e+001
+1.426118e+003	   -3.163043e+001
+1.438119e+003	   -3.538425e+001
+1.450120e+003	   -3.930590e+001
+1.462121e+003	   -4.387150e+001
+1.474122e+003	   -4.876836e+001
+1.486123e+003	   -5.650684e+001
+1.498124e+003	   -6.771840e+001
+1.510125e+003	   -7.886060e+001
+1.522126e+003	   -7.127419e+001
+1.534127e+003	   -7.210655e+001
+1.546128e+003	   -7.940646e+001
+1.558129e+003	   -1.039136e+002
+1.570130e+003	   -8.153565e+001
+1.582131e+003	   -7.903282e+001
+1.594132e+003	   -8.391338e+001
+1.606133e+003	   -8.779502e+001
+1.618134e+003	   -7.653321e+001
+1.630135e+003	   -7.129124e+001
+1.642136e+003	   -6.824184e+001
+1.654137e+003	   -6.663838e+001
+1.666138e+003	   -6.612533e+001
+1.678139e+003	   -6.626562e+001
+1.690140e+003	   -6.727020e+001
+1.702141e+003	   -6.919519e+001
+1.714142e+003	   -7.222817e+001
+1.726143e+003	   -7.748498e+001
+1.738144e+003	   -8.615015e+001
+1.750145e+003	   -8.489483e+001
+1.762146e+003	   -7.841802e+001
+1.774147e+003	   -7.591074e+001
+1.786148e+003	   -7.623151e+001
+1.798149e+003	   -7.741351e+001
+1.810150e+003	   -7.859843e+001
+1.822151e+003	   -8.578523e+001
+1.834152e+003	   -9.589928e+001
+1.846153e+003	   -8.588403e+001
+1.858154e+003	   -7.989084e+001
+1.870155e+003	   -7.779132e+001
+1.882156e+003	   -7.806575e+001
+1.894157e+003	   -8.066422e+001
+1.906158e+003	   -8.091444e+001
+1.918159e+003	   -9.245190e+001
+1.930160e+003	   -8.534818e+001
+1.942161e+003	   -7.922605e+001
+1.954162e+003	   -7.645058e+001
+1.966163e+003	   -7.311888e+001
+1.978164e+003	   -7.224462e+001
+1.990165e+003	   -7.256928e+001
+2.002166e+003	   -7.218035e+001
+2.014167e+003	   -7.256252e+001
+2.026168e+003	   -7.395296e+001
+2.038169e+003	   -7.591296e+001
+2.050170e+003	   -7.824077e+001
+2.062171e+003	   -8.150338e+001
+2.074172e+003	   -8.579597e+001
+2.086173e+003	   -8.680831e+001
+2.098174e+003	   -9.319002e+001
+2.110175e+003	   -9.172437e+001
+2.122176e+003	   -9.081025e+001
+2.134177e+003	   -8.618935e+001
+2.146178e+003	   -8.484739e+001
+2.158179e+003	   -8.408641e+001
+2.170180e+003	   -8.334313e+001
+2.182181e+003	   -8.196709e+001
+2.194182e+003	   -8.348543e+001
+2.206183e+003	   -8.763883e+001
+2.218184e+003	   -9.636450e+001
+2.230185e+003	   -9.405615e+001
+2.242186e+003	   -8.477319e+001
+2.254187e+003	   -7.989356e+001
+2.266188e+003	   -7.784269e+001
+2.278189e+003	   -7.621321e+001
+2.290190e+003	   -7.786717e+001
+2.302191e+003	   -7.812735e+001
+2.314192e+003	   -8.028578e+001
+2.326193e+003	   -8.482832e+001
+2.338194e+003	   -9.934699e+001
+2.350195e+003	   -8.272419e+001
+2.362196e+003	   -7.684995e+001
+2.374197e+003	   -7.355405e+001
+2.386198e+003	   -7.155440e+001
+2.398199e+003	   -6.994727e+001
+2.410200e+003	   -6.916152e+001
+2.422201e+003	   -6.868589e+001
+2.434202e+003	   -6.860700e+001
+2.446203e+003	   -6.931738e+001
+2.458204e+003	   -6.958342e+001
+2.470205e+003	   -7.055087e+001
+2.482206e+003	   -7.174775e+001
+2.494207e+003	   -7.397053e+001
+2.506208e+003	   -7.455930e+001
+2.518209e+003	   -7.613516e+001
+2.530210e+003	   -7.801672e+001
+2.542211e+003	   -8.031494e+001
+2.554212e+003	   -7.908645e+001
+2.566213e+003	   -7.959439e+001
+2.578214e+003	   -7.762899e+001
+2.590215e+003	   -7.686624e+001
+2.602216e+003	   -7.569033e+001
+2.614217e+003	   -7.544106e+001
+2.626218e+003	   -7.644202e+001
+2.638219e+003	   -7.827110e+001
+2.650220e+003	   -8.178737e+001
+2.662221e+003	   -9.016322e+001
+2.674222e+003	   -9.311810e+001
+2.686223e+003	   -7.968801e+001
+2.698224e+003	   -7.518491e+001
+2.710225e+003	   -7.198904e+001
+2.722226e+003	   -7.028015e+001
+2.734227e+003	   -6.854639e+001
+2.746228e+003	   -6.810849e+001
+2.758229e+003	   -6.735677e+001
+2.770230e+003	   -6.757007e+001
+2.782231e+003	   -6.829291e+001
+2.794232e+003	   -6.908109e+001
+2.806233e+003	   -7.149296e+001
+2.818234e+003	   -7.483176e+001
+2.830235e+003	   -8.124535e+001
+2.842236e+003	   -9.938629e+001
+2.854237e+003	   -7.917097e+001
+2.866238e+003	   -7.498161e+001
+2.878239e+003	   -7.221067e+001
+2.890240e+003	   -7.122149e+001
+2.902241e+003	   -7.030927e+001
+2.914242e+003	   -7.014237e+001
+2.926243e+003	   -7.061643e+001
+2.938244e+003	   -7.190121e+001
+2.950245e+003	   -7.391295e+001
+2.962246e+003	   -7.774659e+001
+2.974247e+003	   -8.522287e+001
+2.986248e+003	   -9.328578e+001
+2.998249e+003	   -8.100140e+001
+3.010250e+003	   -7.588564e+001
+3.022251e+003	   -7.319393e+001
+3.034252e+003	   -7.091039e+001
+3.046253e+003	   -6.960565e+001
+3.058254e+003	   -6.922732e+001
+3.070255e+003	   -6.884489e+001
+3.082256e+003	   -6.892422e+001
+3.094257e+003	   -6.906041e+001
+3.106258e+003	   -7.071545e+001
+3.118259e+003	   -7.194083e+001
+3.130260e+003	   -7.416425e+001
+3.142261e+003	   -7.682762e+001
+3.154262e+003	   -8.226540e+001
+3.166263e+003	   -8.644645e+001
+3.178264e+003	   -1.014820e+002
+3.190265e+003	   -8.673457e+001
+3.202266e+003	   -9.026601e+001
+3.214267e+003	   -8.945660e+001
+3.226268e+003	   -8.934218e+001
+3.238269e+003	   -9.959618e+001
+3.250270e+003	   -8.556203e+001
+3.262271e+003	   -7.922881e+001
+3.274272e+003	   -7.574707e+001
+3.286273e+003	   -7.388315e+001
+3.298274e+003	   -7.281397e+001
+3.310275e+003	   -7.345927e+001
+3.322276e+003	   -7.538661e+001
+3.334277e+003	   -7.877088e+001
+3.346278e+003	   -9.359387e+001
+3.358279e+003	   -7.942542e+001
+3.370280e+003	   -7.319299e+001
+3.382281e+003	   -6.987627e+001
+3.394282e+003	   -6.827546e+001
+3.406283e+003	   -6.804643e+001
+3.418284e+003	   -6.903262e+001
+3.430285e+003	   -7.363197e+001
+3.442286e+003	   -1.026941e+002
+3.454287e+003	   -7.203262e+001
+3.466288e+003	   -6.680682e+001
+3.478289e+003	   -6.478617e+001
+3.490290e+003	   -6.671806e+001
+3.502291e+003	   -8.541032e+001
+3.514292e+003	   -5.873881e+001
+3.526293e+003	   -5.009763e+001
+3.538294e+003	   -4.413339e+001
+3.550295e+003	   -3.935252e+001
+3.562296e+003	   -3.532376e+001
+3.574297e+003	   -3.182475e+001
+3.586298e+003	   -2.872149e+001
+3.598299e+003	   -2.594571e+001
+3.610300e+003	   -2.343223e+001
+3.622301e+003	   -2.131397e+001
+3.634302e+003	   -1.904484e+001
+3.646303e+003	   -1.713214e+001
+3.658304e+003	   -1.537518e+001
+3.670305e+003	   -1.375874e+001
+3.682306e+003	   -1.227667e+001
+3.694307e+003	   -1.091362e+001
+3.706308e+003	   -9.665364e+000
+3.718309e+003	   -8.523309e+000
+3.730310e+003	   -7.474630e+000
+3.742311e+003	   -6.524845e+000
+3.754312e+003	   -5.660977e+000
+3.766313e+003	   -4.873579e+000
+3.778314e+003	   -4.166209e+000
+3.790315e+003	   -3.535575e+000
+3.802316e+003	   -2.969437e+000
+3.814317e+003	   -2.473167e+000
+3.826318e+003	   -2.030201e+000
+3.838319e+003	   -1.680977e+000
+3.850320e+003	   -1.313140e+000
+3.862321e+003	   -1.053503e+000
+3.874322e+003	   -7.912250e-001
+3.886323e+003	   -5.920319e-001
+3.898324e+003	   -4.280242e-001
+3.910325e+003	   -3.077556e-001
+3.922326e+003	   -1.903109e-001
+3.934327e+003	   -1.090693e-001
+3.946328e+003	   -4.613150e-002
+3.958329e+003	   -9.142200e-003
+3.970330e+003	   +2.386313e-002
+3.982331e+003	   +4.624937e-002
+3.994332e+003	   +5.764475e-002
+4.006333e+003	   +6.116423e-002
+4.018334e+003	   +6.592079e-002
+4.030335e+003	   +6.644955e-002
+4.042336e+003	   +6.431046e-002
+4.054337e+003	   +6.392418e-002
+4.066338e+003	   +6.302645e-002
+4.078339e+003	   +6.201126e-002
+4.090340e+003	   +6.243126e-002
+4.102341e+003	   +6.245812e-002
+4.114342e+003	   +6.336486e-002
+4.126343e+003	   +6.684937e-002
+4.138344e+003	   +6.778784e-002
+4.150345e+003	   +6.758536e-002
+4.162346e+003	   +6.879482e-002
+4.174347e+003	   +6.944138e-002
+4.186348e+003	   +6.974394e-002
+4.198349e+003	   +6.986821e-002
+4.210350e+003	   +6.936106e-002
+4.222351e+003	   +7.036821e-002
+4.234352e+003	   +6.937344e-002
+4.246353e+003	   +6.840844e-002
+4.258354e+003	   +6.625956e-002
+4.270355e+003	   +6.838828e-002
+4.282356e+003	   +6.756018e-002
+4.294357e+003	   +6.797615e-002
+4.306358e+003	   +6.985594e-002
+4.318359e+003	   +6.798154e-002
+4.330360e+003	   +6.857721e-002
+4.342361e+003	   +6.786139e-002
+4.354362e+003	   +6.744254e-002
+4.366363e+003	   +6.761253e-002
+4.378364e+003	   +6.565085e-002
+4.390365e+003	   +6.718499e-002
+4.402366e+003	   +6.896734e-002
+4.414367e+003	   +6.761096e-002
+4.426368e+003	   +6.780428e-002
+4.438369e+003	   +6.727660e-002
+4.450370e+003	   +6.948259e-002
+4.462371e+003	   +6.973720e-002
+4.474372e+003	   +7.097991e-002
+4.486373e+003	   +7.241800e-002
+4.498374e+003	   +7.047205e-002
+4.510375e+003	   +7.342912e-002
+4.522376e+003	   +7.370647e-002
+4.534377e+003	   +7.165137e-002
+4.546378e+003	   +7.326610e-002
+4.558379e+003	   +7.265393e-002
+4.570380e+003	   +7.273369e-002
+4.582381e+003	   +7.164491e-002
+4.594382e+003	   +7.088818e-002
+4.606383e+003	   +7.211362e-002
+4.618384e+003	   +6.856711e-002
+4.630385e+003	   +6.957407e-002
+4.642386e+003	   +6.872250e-002
+4.654387e+003	   +6.895866e-002
+4.666388e+003	   +6.825428e-002
+4.678389e+003	   +6.870126e-002
+4.690390e+003	   +6.899049e-002
+4.702391e+003	   +6.809320e-002
+4.714392e+003	   +7.017544e-002
+4.726393e+003	   +6.948133e-002
+4.738394e+003	   +7.098559e-002
+4.750395e+003	   +7.164551e-002
+4.762396e+003	   +7.202129e-002
+4.774397e+003	   +7.250182e-002
+4.786398e+003	   +7.158140e-002
+4.798399e+003	   +7.308102e-002
+4.810400e+003	   +7.428100e-002
+4.822401e+003	   +7.453877e-002
+4.834402e+003	   +7.386886e-002
+4.846403e+003	   +7.388788e-002
+4.858404e+003	   +7.452156e-002
+4.870405e+003	   +7.464217e-002
+4.882406e+003	   +7.148490e-002
+4.894407e+003	   +7.456360e-002
+4.906408e+003	   +7.462498e-002
+4.918409e+003	   +7.465529e-002
+4.930410e+003	   +7.493646e-002
+4.942411e+003	   +7.495723e-002
+4.954412e+003	   +7.453782e-002
+4.966413e+003	   +7.296291e-002
+4.978414e+003	   +7.502715e-002
+4.990415e+003	   +7.441951e-002
+5.002416e+003	   +7.447370e-002
+5.014417e+003	   +7.393204e-002
+5.026418e+003	   +7.333429e-002
+5.038419e+003	   +7.257859e-002
+5.050420e+003	   +7.364768e-002
+5.062421e+003	   +7.170093e-002
+5.074422e+003	   +7.123285e-002
+5.086423e+003	   +7.108427e-002
+5.098424e+003	   +7.282787e-002
+5.110425e+003	   +7.177966e-002
+5.122426e+003	   +7.188641e-002
+5.134427e+003	   +7.240384e-002
+5.146428e+003	   +7.328250e-002
+5.158429e+003	   +7.461443e-002
+5.170430e+003	   +7.571068e-002
+5.182431e+003	   +7.548368e-002
+5.194432e+003	   +7.661434e-002
+5.206433e+003	   +7.749861e-002
+5.218434e+003	   +7.844049e-002
+5.230435e+003	   +7.931879e-002
+5.242436e+003	   +7.866421e-002
+5.254437e+003	   +7.953247e-002
+5.266438e+003	   +7.923011e-002
+5.278439e+003	   +7.864694e-002
+5.290440e+003	   +7.754278e-002
+5.302441e+003	   +7.805410e-002
+5.314442e+003	   +7.669232e-002
+5.326443e+003	   +7.619990e-002
+5.338444e+003	   +7.562999e-002
+5.350445e+003	   +7.345573e-002
+5.362446e+003	   +7.327330e-002
+5.374447e+003	   +7.269799e-002
+5.386448e+003	   +7.407255e-002
+5.398449e+003	   +7.455535e-002
+5.410450e+003	   +7.420425e-002
+5.422451e+003	   +7.434011e-002
+5.434452e+003	   +7.452079e-002
+5.446453e+003	   +7.387397e-002
+5.458454e+003	   +7.476670e-002
+5.470455e+003	   +7.400057e-002
+5.482456e+003	   +7.392457e-002
+5.494457e+003	   +7.445935e-002
+5.506458e+003	   +7.407792e-002
+5.518459e+003	   +7.440476e-002
+5.530460e+003	   +7.405604e-002
+5.542461e+003	   +7.393780e-002
+5.554462e+003	   +7.192945e-002
+5.566463e+003	   +7.374842e-002
+5.578464e+003	   +7.408124e-002
+5.590465e+003	   +7.376277e-002
+5.602466e+003	   +7.364849e-002
+5.614467e+003	   +7.447650e-002
+5.626468e+003	   +7.528143e-002
+5.638469e+003	   +7.504669e-002
+5.650470e+003	   +7.671615e-002
+5.662471e+003	   +7.760056e-002
+5.674472e+003	   +7.740840e-002
+5.686473e+003	   +7.865446e-002
+5.698474e+003	   +7.900439e-002
+5.710475e+003	   +7.841359e-002
+5.722476e+003	   +7.909949e-002
+5.734477e+003	   +7.899280e-002
+5.746478e+003	   +7.751983e-002
+5.758479e+003	   +7.883568e-002
+5.770480e+003	   +7.840160e-002
+5.782481e+003	   +7.792540e-002
+5.794482e+003	   +7.702503e-002
+5.806483e+003	   +7.576251e-002
+5.818484e+003	   +7.627124e-002
+5.830485e+003	   +7.526621e-002
+5.842486e+003	   +7.350215e-002
+5.854487e+003	   +7.643414e-002
+5.866488e+003	   +7.476888e-002
+5.878489e+003	   +7.462986e-002
+5.890490e+003	   +7.469157e-002
+5.902491e+003	   +7.527663e-002
+5.914492e+003	   +7.473988e-002
+5.926493e+003	   +7.356400e-002
+5.938494e+003	   +7.368183e-002
+5.950495e+003	   +7.479372e-002
+5.962496e+003	   +7.486090e-002
+5.974497e+003	   +7.450332e-002
+5.986498e+003	   +7.446293e-002
+5.998499e+003	   +7.376225e-002
+6.010500e+003	   +7.344148e-002
+6.022501e+003	   +7.358417e-002
+6.034502e+003	   +7.304332e-002
+6.046503e+003	   +7.296494e-002
+6.058504e+003	   +7.205241e-002
+6.070505e+003	   +7.284382e-002
+6.082506e+003	   +7.328246e-002
+6.094507e+003	   +7.281172e-002
+6.106508e+003	   +7.263663e-002
+6.118509e+003	   +7.238092e-002
+6.130510e+003	   +7.283530e-002
+6.142511e+003	   +7.283917e-002
+6.154512e+003	   +7.105225e-002
+6.166513e+003	   +7.329579e-002
+6.178514e+003	   +7.392950e-002
+6.190515e+003	   +7.269382e-002
+6.202516e+003	   +7.235987e-002
+6.214517e+003	   +7.180010e-002
+6.226518e+003	   +7.293960e-002
+6.238519e+003	   +7.346893e-002
+6.250520e+003	   +7.356372e-002
+6.262521e+003	   +7.363720e-002
+6.274522e+003	   +7.377547e-002
+6.286523e+003	   +7.316357e-002
+6.298524e+003	   +7.257303e-002
+6.310525e+003	   +7.510367e-002
+6.322526e+003	   +7.375531e-002
+6.334527e+003	   +7.441020e-002
+6.346528e+003	   +7.414436e-002
+6.358529e+003	   +7.472777e-002
+6.370530e+003	   +7.434712e-002
+6.382531e+003	   +7.463271e-002
+6.394532e+003	   +7.258466e-002
+6.406533e+003	   +7.337962e-002
+6.418534e+003	   +7.447530e-002
+6.430535e+003	   +7.466120e-002
+6.442536e+003	   +7.421646e-002
+6.454537e+003	   +7.469755e-002
+6.466538e+003	   +7.475492e-002
+6.478539e+003	   +7.428703e-002
+6.490540e+003	   +7.428852e-002
+6.502542e+003	   +7.544119e-002
+6.514542e+003	   +7.676686e-002
+6.526543e+003	   +7.602432e-002
+6.538544e+003	   +7.554256e-002
+6.550545e+003	   +7.632384e-002
+6.562546e+003	   +7.643133e-002
+6.574547e+003	   +7.517083e-002
+6.586548e+003	   +7.530855e-002
+6.598549e+003	   +7.740563e-002
+6.610550e+003	   +7.708276e-002
+6.622551e+003	   +7.598582e-002
+6.634552e+003	   +7.599123e-002
+6.646553e+003	   +7.448424e-002
+6.658554e+003	   +7.657832e-002
+6.670555e+003	   +7.766664e-002
+6.682556e+003	   +7.627786e-002
+6.694557e+003	   +7.518533e-002
+6.706558e+003	   +7.575454e-002
+6.718559e+003	   +7.629781e-002
+6.730560e+003	   +7.639576e-002
+6.742562e+003	   +7.674114e-002
+6.754563e+003	   +7.695486e-002
+6.766563e+003	   +7.593615e-002
+6.778564e+003	   +7.777335e-002
+6.790565e+003	   +7.639593e-002
+6.802566e+003	   +7.821624e-002
+6.814567e+003	   +7.661895e-002
+6.826568e+003	   +7.759265e-002
+6.838569e+003	   +7.773852e-002
+6.850570e+003	   +7.713614e-002
+6.862571e+003	   +7.897096e-002
+6.874572e+003	   +7.652014e-002
+6.886573e+003	   +7.761434e-002
+6.898574e+003	   +7.735207e-002
+6.910575e+003	   +7.691974e-002
+6.922576e+003	   +7.702737e-002
+6.934577e+003	   +7.735198e-002
+6.946578e+003	   +7.810666e-002
+6.958579e+003	   +7.841296e-002
+6.970580e+003	   +7.805533e-002
+6.982581e+003	   +7.595935e-002
+6.994583e+003	   +7.938299e-002
+7.006583e+003	   +7.845813e-002
+7.018584e+003	   +7.850485e-002
+7.030585e+003	   +7.907532e-002
+7.042586e+003	   +7.922211e-002
+7.054587e+003	   +7.737287e-002
+7.066588e+003	   +7.823747e-002
+7.078589e+003	   +7.949675e-002
+7.090590e+003	   +7.763261e-002
+7.102591e+003	   +7.841208e-002
+7.114592e+003	   +7.831775e-002
+7.126593e+003	   +7.841464e-002
+7.138594e+003	   +7.857258e-002
+7.150595e+003	   +7.853542e-002
+7.162596e+003	   +7.822017e-002
+7.174597e+003	   +7.954192e-002
+7.186598e+003	   +7.880123e-002
+7.198599e+003	   +7.991011e-002
+7.210600e+003	   +8.040125e-002
+7.222601e+003	   +8.060839e-002
+7.234603e+003	   +8.110360e-002
+7.246604e+003	   +8.151260e-002
+7.258604e+003	   +8.140874e-002
+7.270605e+003	   +8.252389e-002
+7.282606e+003	   +8.229225e-002
+7.294607e+003	   +8.121764e-002
+7.306608e+003	   +8.154592e-002
+7.318609e+003	   +8.101307e-002
+7.330610e+003	   +8.171727e-002
+7.342611e+003	   +7.987725e-002
+7.354612e+003	   +8.026555e-002
+7.366613e+003	   +7.851166e-002
+7.378614e+003	   +7.954825e-002
+7.390615e+003	   +8.018842e-002
+7.402616e+003	   +7.994486e-002
+7.414617e+003	   +8.009724e-002
+7.426618e+003	   +8.092358e-002
+7.438619e+003	   +8.130594e-002
+7.450620e+003	   +8.012784e-002
+7.462621e+003	   +8.039445e-002
+7.474622e+003	   +8.326457e-002
+7.486624e+003	   +8.314867e-002
+7.498625e+003	   +8.322997e-002
+7.510625e+003	   +8.303671e-002
+7.522626e+003	   +8.329600e-002
+7.534627e+003	   +8.182418e-002
+7.546628e+003	   +8.366210e-002
+7.558629e+003	   +8.282262e-002
+7.570630e+003	   +8.082478e-002
+7.582631e+003	   +8.256799e-002
+7.594632e+003	   +8.237078e-002
+7.606633e+003	   +8.200762e-002
+7.618634e+003	   +8.134723e-002
+7.630635e+003	   +8.186475e-002
+7.642636e+003	   +8.178707e-002
+7.654637e+003	   +8.085803e-002
+7.666638e+003	   +8.229043e-002
+7.678639e+003	   +8.331639e-002
+7.690640e+003	   +8.384724e-002
+7.702641e+003	   +8.426832e-002
+7.714642e+003	   +8.472634e-002
+7.726644e+003	   +8.597892e-002
+7.738645e+003	   +8.450478e-002
+7.750646e+003	   +8.617175e-002
+7.762646e+003	   +8.451004e-002
+7.774647e+003	   +8.582846e-002
+7.786648e+003	   +8.514113e-002
+7.798649e+003	   +8.496579e-002
+7.810650e+003	   +8.235043e-002
+7.822651e+003	   +8.439839e-002
+7.834652e+003	   +8.420689e-002
+7.846653e+003	   +8.319488e-002
+7.858654e+003	   +8.318167e-002
+7.870655e+003	   +8.351781e-002
+7.882656e+003	   +8.337574e-002
+7.894657e+003	   +8.287852e-002
+7.906658e+003	   +8.479765e-002
+7.918659e+003	   +8.467235e-002
+7.930660e+003	   +8.617518e-002
+7.942661e+003	   +8.425882e-002
+7.954662e+003	   +8.538491e-002
+7.966664e+003	   +8.595856e-002
+7.978665e+003	   +8.584919e-002
+7.990666e+003	   +8.457848e-002
+8.002667e+003	   +8.655272e-002
+8.014667e+003	   +8.674690e-002
+8.026668e+003	   +8.547687e-002
+8.038669e+003	   +8.455795e-002
+8.050670e+003	   +8.444528e-002
+8.062671e+003	   +8.304781e-002
+8.074672e+003	   +8.273947e-002
+8.086673e+003	   +8.175414e-002
+8.098674e+003	   +8.163720e-002
+8.110675e+003	   +8.021669e-002
+8.122676e+003	   +7.957989e-002
+8.134677e+003	   +8.082188e-002
+8.146678e+003	   +8.077911e-002
+8.158679e+003	   +8.085635e-002
+8.170680e+003	   +8.080859e-002
+8.182681e+003	   +8.030056e-002
+8.194683e+003	   +8.295608e-002
+8.206684e+003	   +8.306971e-002
+8.218685e+003	   +8.291645e-002
+8.230686e+003	   +8.417714e-002
+8.242687e+003	   +8.267428e-002
+8.254688e+003	   +8.353978e-002
+8.266688e+003	   +8.358569e-002
+8.278689e+003	   +8.245619e-002
+8.290690e+003	   +8.346245e-002
+8.302691e+003	   +8.438691e-002
+8.314692e+003	   +8.328041e-002
+8.326693e+003	   +8.151720e-002
+8.338694e+003	   +7.972278e-002
+8.350695e+003	   +8.087929e-002
+8.362696e+003	   +7.996046e-002
+8.374697e+003	   +8.127984e-002
+8.386698e+003	   +7.912660e-002
+8.398699e+003	   +7.945578e-002
+8.410700e+003	   +7.916442e-002
+8.422701e+003	   +7.998765e-002
+8.434702e+003	   +7.875885e-002
+8.446703e+003	   +7.946530e-002
+8.458704e+003	   +7.983685e-002
+8.470705e+003	   +7.946569e-002
+8.482706e+003	   +7.956794e-002
+8.494707e+003	   +8.093523e-002
+8.506708e+003	   +7.873916e-002
+8.518709e+003	   +7.847679e-002
+8.530710e+003	   +7.902332e-002
+8.542711e+003	   +7.971596e-002
+8.554712e+003	   +7.988203e-002
+8.566713e+003	   +8.116309e-002
+8.578715e+003	   +7.718281e-002
+8.590716e+003	   +7.961534e-002
+8.602717e+003	   +7.978650e-002
+8.614718e+003	   +8.003958e-002
+8.626719e+003	   +8.031497e-002
+8.638720e+003	   +7.920191e-002
+8.650721e+003	   +8.030237e-002
+8.662722e+003	   +8.106586e-002
+8.674723e+003	   +8.065283e-002
+8.686724e+003	   +7.978613e-002
+8.698725e+003	   +7.712798e-002
+8.710726e+003	   +8.032569e-002
+8.722727e+003	   +8.037844e-002
+8.734728e+003	   +8.045480e-002
+8.746729e+003	   +7.895073e-002
+8.758729e+003	   +8.012696e-002
+8.770730e+003	   +7.917224e-002
+8.782731e+003	   +8.055012e-002
+8.794732e+003	   +8.170412e-002
+8.806733e+003	   +8.011025e-002
+8.818734e+003	   +8.086672e-002
+8.830735e+003	   +8.124676e-002
+8.842736e+003	   +8.176269e-002
+8.854737e+003	   +8.184133e-002
+8.866738e+003	   +8.272155e-002
+8.878739e+003	   +8.143051e-002
+8.890740e+003	   +8.272872e-002
+8.902741e+003	   +8.122776e-002
+8.914742e+003	   +8.014428e-002
+8.926743e+003	   +8.081304e-002
+8.938744e+003	   +7.980061e-002
+8.950745e+003	   +7.766886e-002
+8.962746e+003	   +7.782359e-002
+8.974747e+003	   +7.565318e-002
+8.986748e+003	   +7.748344e-002
+8.998749e+003	   +7.665017e-002
+9.010750e+003	   +7.743426e-002
+9.022751e+003	   +7.766861e-002
+9.034752e+003	   +7.741714e-002
+9.046753e+003	   +7.921310e-002
+9.058754e+003	   +7.935190e-002
+9.070756e+003	   +7.960120e-002
+9.082757e+003	   +7.765920e-002
+9.094758e+003	   +8.004583e-002
+9.106759e+003	   +8.067954e-002
+9.118760e+003	   +8.132980e-002
+9.130761e+003	   +8.294170e-002
+9.142762e+003	   +8.173230e-002
+9.154763e+003	   +8.271355e-002
+9.166764e+003	   +8.121913e-002
+9.178765e+003	   +8.112358e-002
+9.190766e+003	   +8.252359e-002
+9.202767e+003	   +8.218792e-002
+9.214768e+003	   +8.211423e-002
+9.226769e+003	   +8.235600e-002
+9.238770e+003	   +8.305813e-002
+9.250771e+003	   +8.236009e-002
+9.262771e+003	   +8.112147e-002
+9.274772e+003	   +8.368804e-002
+9.286773e+003	   +8.111575e-002
+9.298774e+003	   +8.366753e-002
+9.310775e+003	   +8.337328e-002
+9.322776e+003	   +8.492421e-002
+9.334777e+003	   +8.476271e-002
+9.346778e+003	   +8.575958e-002
+9.358779e+003	   +8.598483e-002
+9.370780e+003	   +8.575907e-002
+9.382781e+003	   +8.597468e-002
+9.394782e+003	   +8.564643e-002
+9.406783e+003	   +8.487422e-002
+9.418784e+003	   +8.569816e-002
+9.430785e+003	   +8.505817e-002
+9.442786e+003	   +8.510682e-002
+9.454787e+003	   +8.297282e-002
+9.466788e+003	   +8.369760e-002
+9.478789e+003	   +8.380070e-002
+9.490790e+003	   +8.369347e-002
+9.502791e+003	   +8.356121e-002
+9.514792e+003	   +8.201821e-002
+9.526793e+003	   +8.337931e-002
+9.538794e+003	   +8.454124e-002
+9.550795e+003	   +8.334377e-002
+9.562797e+003	   +8.403891e-002
+9.574798e+003	   +8.409454e-002
+9.586799e+003	   +8.452287e-002
+9.598800e+003	   +8.561426e-002
+9.610801e+003	   +8.624754e-002
+9.622802e+003	   +8.757786e-002
+9.634803e+003	   +8.777355e-002
+9.646804e+003	   +8.652803e-002
+9.658805e+003	   +8.656834e-002
+9.670806e+003	   +8.714543e-002
+9.682807e+003	   +8.742064e-002
+9.694808e+003	   +8.575564e-002
+9.706809e+003	   +8.611181e-002
+9.718810e+003	   +8.785540e-002
+9.730811e+003	   +8.919188e-002
+9.742812e+003	   +8.778325e-002
+9.754813e+003	   +8.753463e-002
+9.766813e+003	   +8.981198e-002
+9.778814e+003	   +9.011322e-002
+9.790815e+003	   +9.182797e-002
+9.802816e+003	   +9.153996e-002
+9.814817e+003	   +9.173049e-002
+9.826818e+003	   +9.036009e-002
+9.838819e+003	   +9.160205e-002
+9.850820e+003	   +9.163567e-002
+9.862821e+003	   +9.145635e-002
+9.874822e+003	   +9.130032e-002
+9.886823e+003	   +9.015627e-002
+9.898824e+003	   +8.974694e-002
+9.910825e+003	   +8.982340e-002
+9.922826e+003	   +8.914486e-002
+9.934827e+003	   +8.891937e-002
+9.946828e+003	   +8.940720e-002
+9.958829e+003	   +8.917852e-002
+9.970830e+003	   +8.848956e-002
+9.982831e+003	   +8.941001e-002
+9.994832e+003	   +8.817954e-002
+1.000683e+004	   +8.887164e-002
+1.001883e+004	   +8.879884e-002
+1.003083e+004	   +8.714780e-002
+1.004284e+004	   +8.872758e-002
+1.005484e+004	   +8.901313e-002
+1.006684e+004	   +8.942062e-002
+1.007884e+004	   +8.939055e-002
+1.009084e+004	   +9.015532e-002
+1.010284e+004	   +9.203894e-002
+1.011484e+004	   +9.023826e-002
+1.012684e+004	   +9.159970e-002
+1.013884e+004	   +9.172893e-002
+1.015085e+004	   +9.206531e-002
+1.016285e+004	   +9.253674e-002
+1.017485e+004	   +9.191370e-002
+1.018685e+004	   +9.254003e-002
+1.019885e+004	   +9.568247e-002
+1.021085e+004	   +9.274900e-002
+1.022285e+004	   +9.416591e-002
+1.023485e+004	   +9.359590e-002
+1.024685e+004	   +9.376508e-002
+1.025885e+004	   +9.342723e-002
+1.027086e+004	   +9.247667e-002
+1.028286e+004	   +8.948766e-002
+1.029486e+004	   +9.234082e-002
+1.030686e+004	   +8.994272e-002
+1.031886e+004	   +8.974283e-002
+1.033086e+004	   +9.016284e-002
+1.034286e+004	   +9.037410e-002
+1.035486e+004	   +9.038611e-002
+1.036686e+004	   +8.988820e-002
+1.037886e+004	   +8.799864e-002
+1.039087e+004	   +9.039272e-002
+1.040287e+004	   +8.784689e-002
+1.041487e+004	   +8.927171e-002
+1.042687e+004	   +9.009483e-002
+1.043887e+004	   +9.037095e-002
+1.045087e+004	   +9.058339e-002
+1.046287e+004	   +9.102689e-002
+1.047487e+004	   +9.178198e-002
+1.048687e+004	   +8.936649e-002
+1.049887e+004	   +9.165724e-002
+1.051088e+004	   +9.106942e-002
+1.052288e+004	   +9.088492e-002
+1.053488e+004	   +9.001540e-002
+1.054688e+004	   +8.968768e-002
+1.055888e+004	   +9.095772e-002
+1.057088e+004	   +8.747242e-002
+1.058288e+004	   +8.822784e-002
+1.059488e+004	   +8.765264e-002
+1.060688e+004	   +8.792269e-002
+1.061888e+004	   +8.601338e-002
+1.063089e+004	   +8.670836e-002
+1.064289e+004	   +8.725096e-002
+1.065489e+004	   +8.831619e-002
+1.066689e+004	   +8.709864e-002
+1.067889e+004	   +8.712465e-002
+1.069089e+004	   +9.101731e-002
+1.070289e+004	   +9.039149e-002
+1.071489e+004	   +9.053436e-002
+1.072689e+004	   +9.079393e-002
+1.073889e+004	   +9.092590e-002
+1.075090e+004	   +8.939549e-002
+1.076290e+004	   +9.002361e-002
+1.077490e+004	   +9.188528e-002
+1.078690e+004	   +9.022297e-002
+1.079890e+004	   +8.908774e-002
+1.081090e+004	   +8.835074e-002
+1.082290e+004	   +8.774327e-002
+1.083490e+004	   +8.669604e-002
+1.084690e+004	   +8.443343e-002
+1.085890e+004	   +8.578414e-002
+1.087091e+004	   +8.448910e-002
+1.088291e+004	   +8.495562e-002
+1.089491e+004	   +8.512506e-002
+1.090691e+004	   +8.481380e-002
+1.091891e+004	   +8.318159e-002
+1.093091e+004	   +8.503875e-002
+1.094291e+004	   +8.494142e-002
+1.095491e+004	   +8.632074e-002
+1.096691e+004	   +8.654093e-002
+1.097891e+004	   +8.631857e-002
+1.099092e+004	   +8.749276e-002
+1.100292e+004	   +8.687767e-002
+1.101492e+004	   +8.656817e-002
+1.102692e+004	   +8.623906e-002
+1.103892e+004	   +8.670396e-002
+1.105092e+004	   +8.745619e-002
+1.106292e+004	   +8.751767e-002
+1.107492e+004	   +8.674415e-002
+1.108692e+004	   +8.680656e-002
+1.109892e+004	   +8.680087e-002
+1.111093e+004	   +8.644483e-002
+1.112293e+004	   +8.604884e-002
+1.113493e+004	   +8.671767e-002
+1.114693e+004	   +8.793837e-002
+1.115893e+004	   +8.710658e-002
+1.117093e+004	   +8.760822e-002
+1.118293e+004	   +8.747682e-002
+1.119493e+004	   +8.695940e-002
+1.120693e+004	   +8.531157e-002
+1.121893e+004	   +8.540685e-002
+1.123094e+004	   +8.724017e-002
+1.124294e+004	   +8.547910e-002
+1.125494e+004	   +8.756316e-002
+1.126694e+004	   +8.586095e-002
+1.127894e+004	   +8.622436e-002
+1.129094e+004	   +8.619665e-002
+1.130294e+004	   +8.630337e-002
+1.131494e+004	   +8.651530e-002
+1.132694e+004	   +8.771600e-002
+1.133894e+004	   +8.694293e-002
+1.135095e+004	   +8.585934e-002
+1.136295e+004	   +8.538331e-002
+1.137495e+004	   +8.643050e-002
+1.138695e+004	   +8.671594e-002
+1.139895e+004	   +8.627552e-002
+1.141095e+004	   +8.697331e-002
+1.142295e+004	   +8.666731e-002
+1.143495e+004	   +8.435270e-002
+1.144695e+004	   +8.459904e-002
+1.145895e+004	   +8.665326e-002
+1.147096e+004	   +8.745316e-002
+1.148296e+004	   +8.573537e-002
+1.149496e+004	   +8.675866e-002
+1.150696e+004	   +8.675186e-002
+1.151896e+004	   +8.495741e-002
+1.153096e+004	   +8.629390e-002
+1.154296e+004	   +8.788611e-002
+1.155496e+004	   +8.679547e-002
+1.156696e+004	   +8.629246e-002
+1.157896e+004	   +8.620962e-002
+1.159097e+004	   +8.653541e-002
+1.160297e+004	   +8.703235e-002
+1.161497e+004	   +8.855334e-002
+1.162697e+004	   +8.659786e-002
+1.163897e+004	   +8.740155e-002
+1.165097e+004	   +8.946154e-002
+1.166297e+004	   +8.804127e-002
+1.167497e+004	   +8.825711e-002
+1.168697e+004	   +8.844257e-002
+1.169897e+004	   +8.823940e-002
+1.171098e+004	   +8.643355e-002
+1.172298e+004	   +8.898958e-002
+1.173498e+004	   +8.636328e-002
+1.174698e+004	   +8.740617e-002
+1.175898e+004	   +8.619782e-002
+1.177098e+004	   +8.584206e-002
+1.178298e+004	   +8.599261e-002
+1.179498e+004	   +8.594234e-002
+1.180698e+004	   +8.419558e-002
+1.181898e+004	   +8.334219e-002
+1.183099e+004	   +8.611763e-002
+1.184299e+004	   +8.691556e-002
+1.185499e+004	   +8.711342e-002
+1.186699e+004	   +8.732947e-002
+1.187899e+004	   +8.864050e-002
+1.189099e+004	   +9.005004e-002
+1.190299e+004	   +8.670218e-002
+1.191499e+004	   +8.819617e-002
+1.192699e+004	   +8.921037e-002
+1.193899e+004	   +8.917271e-002
+1.195100e+004	   +8.921102e-002
+1.196300e+004	   +8.927041e-002
+1.197500e+004	   +8.785070e-002
+1.198700e+004	   +9.022884e-002
+1.199900e+004	   +8.848257e-002
+1.201100e+004	   +8.816097e-002
+1.202300e+004	   +8.882026e-002
+1.203500e+004	   +8.719283e-002
+1.204700e+004	   +8.850481e-002
+1.205900e+004	   +8.952390e-002
+1.207101e+004	   +8.896956e-002
+1.208301e+004	   +9.076383e-002
+1.209501e+004	   +9.062997e-002
+1.210701e+004	   +9.053282e-002
+1.211901e+004	   +9.091710e-002
+1.213101e+004	   +9.191798e-002
+1.214301e+004	   +9.200222e-002
+1.215501e+004	   +9.319437e-002
+1.216701e+004	   +9.306453e-002
+1.217901e+004	   +9.408407e-002
+1.219102e+004	   +9.423532e-002
+1.220302e+004	   +9.451781e-002
+1.221502e+004	   +9.488148e-002
+1.222702e+004	   +9.458176e-002
+1.223902e+004	   +9.591633e-002
+1.225102e+004	   +9.390654e-002
+1.226302e+004	   +9.550972e-002
+1.227502e+004	   +9.664997e-002
+1.228702e+004	   +9.783333e-002
+1.229902e+004	   +9.642683e-002
+1.231103e+004	   +9.739248e-002
+1.232303e+004	   +9.831169e-002
+1.233503e+004	   +9.770049e-002
+1.234703e+004	   +9.603371e-002
+1.235903e+004	   +9.745289e-002
+1.237103e+004	   +9.783991e-002
+1.238303e+004	   +9.598237e-002
+1.239503e+004	   +9.714504e-002
+1.240703e+004	   +9.716780e-002
+1.241903e+004	   +9.703090e-002
+1.243104e+004	   +9.699213e-002
+1.244304e+004	   +9.706971e-002
+1.245504e+004	   +9.719726e-002
+1.246704e+004	   +9.634148e-002
+1.247904e+004	   +9.453312e-002
+1.249104e+004	   +9.630169e-002
+1.250304e+004	   +9.573328e-002
+1.251504e+004	   +9.649343e-002
+1.252704e+004	   +9.723117e-002
+1.253904e+004	   +9.610043e-002
+1.255105e+004	   +9.816913e-002
+1.256305e+004	   +9.631830e-002
+1.257505e+004	   +9.838805e-002
+1.258705e+004	   +9.779210e-002
+1.259905e+004	   +9.723254e-002
+1.261105e+004	   +9.717840e-002
+1.262305e+004	   +9.714502e-002
+1.263505e+004	   +9.701861e-002
+1.264705e+004	   +9.687950e-002
+1.265905e+004	   +9.788196e-002
+1.267106e+004	   +9.642142e-002
+1.268306e+004	   +9.776075e-002
+1.269506e+004	   +9.833992e-002
+1.270706e+004	   +9.939172e-002
+1.271906e+004	   +9.933720e-002
+1.273106e+004	   +9.912023e-002
+1.274306e+004	   +9.960639e-002
+1.275506e+004	   +1.025617e-001
+1.276706e+004	   +1.028704e-001
+1.277906e+004	   +1.020970e-001
+1.279107e+004	   +1.011437e-001
+1.280307e+004	   +1.007682e-001
+1.281507e+004	   +1.001179e-001
+1.282707e+004	   +9.934168e-002
+1.283907e+004	   +9.861083e-002
+1.285107e+004	   +9.839618e-002
+1.286307e+004	   +9.533565e-002
+1.287507e+004	   +9.702313e-002
+1.288707e+004	   +9.529597e-002
+1.289907e+004	   +9.528973e-002
+1.291108e+004	   +9.507361e-002
+1.292308e+004	   +9.599435e-002
+1.293508e+004	   +9.527010e-002
+1.294708e+004	   +9.638891e-002
+1.295908e+004	   +9.620396e-002
+1.297108e+004	   +9.743241e-002
+1.298308e+004	   +9.687893e-002
+1.299508e+004	   +9.776747e-002
+1.300708e+004	   +9.775105e-002
+1.301908e+004	   +9.801380e-002
+1.303109e+004	   +9.892219e-002
+1.304309e+004	   +9.865211e-002
+1.305509e+004	   +9.859662e-002
+1.306709e+004	   +9.759671e-002
+1.307909e+004	   +9.620319e-002
+1.309109e+004	   +9.563251e-002
+1.310309e+004	   +9.438930e-002
+1.311509e+004	   +9.494749e-002
+1.312709e+004	   +9.332311e-002
+1.313909e+004	   +9.218495e-002
+1.315110e+004	   +9.161635e-002
+1.316310e+004	   +9.127418e-002
+1.317510e+004	   +9.084246e-002
+1.318710e+004	   +9.171852e-002
+1.319910e+004	   +9.233330e-002
+1.321110e+004	   +9.202863e-002
+1.322310e+004	   +9.472723e-002
+1.323510e+004	   +9.514400e-002
+1.324710e+004	   +9.684294e-002
+1.325910e+004	   +9.735635e-002
+1.327111e+004	   +9.697181e-002
+1.328311e+004	   +9.850550e-002
+1.329511e+004	   +9.707976e-002
+1.330711e+004	   +1.001636e-001
+1.331911e+004	   +9.911547e-002
+1.333111e+004	   +9.840205e-002
+1.334311e+004	   +9.715770e-002
+1.335511e+004	   +9.823539e-002
+1.336711e+004	   +9.613154e-002
+1.337911e+004	   +9.585485e-002
+1.339112e+004	   +9.535149e-002
+1.340312e+004	   +9.479168e-002
+1.341512e+004	   +9.346996e-002
+1.342712e+004	   +9.312452e-002
+1.343912e+004	   +9.527984e-002
+1.345112e+004	   +9.509502e-002
+1.346312e+004	   +9.518481e-002
+1.347512e+004	   +9.574842e-002
+1.348712e+004	   +9.657217e-002
+1.349913e+004	   +9.756219e-002
+1.351113e+004	   +9.836017e-002
+1.352313e+004	   +9.806984e-002
+1.353513e+004	   +9.651344e-002
+1.354713e+004	   +9.847181e-002
+1.355913e+004	   +9.853309e-002
+1.357113e+004	   +9.784640e-002
+1.358313e+004	   +9.724592e-002
+1.359513e+004	   +9.728260e-002
+1.360713e+004	   +9.610029e-002
+1.361913e+004	   +9.644507e-002
+1.363114e+004	   +9.519468e-002
+1.364314e+004	   +9.409095e-002
+1.365514e+004	   +9.470943e-002
+1.366714e+004	   +9.519706e-002
+1.367914e+004	   +9.487050e-002
+1.369114e+004	   +9.463131e-002
+1.370314e+004	   +9.509340e-002
+1.371514e+004	   +9.542817e-002
+1.372714e+004	   +9.441061e-002
+1.373914e+004	   +9.532352e-002
+1.375115e+004	   +9.641676e-002
+1.376315e+004	   +9.611636e-002
+1.377515e+004	   +9.573017e-002
+1.378715e+004	   +9.641096e-002
+1.379915e+004	   +9.495749e-002
+1.381115e+004	   +9.562851e-002
+1.382315e+004	   +9.541885e-002
+1.383515e+004	   +9.584054e-002
+1.384715e+004	   +9.605950e-002
+1.385915e+004	   +9.573831e-002
+1.387116e+004	   +9.572522e-002
+1.388316e+004	   +9.482222e-002
+1.389516e+004	   +9.658172e-002
+1.390716e+004	   +9.570073e-002
+1.391916e+004	   +9.650797e-002
+1.393116e+004	   +9.558395e-002
+1.394316e+004	   +9.505782e-002
+1.395516e+004	   +9.649776e-002
+1.396716e+004	   +9.580871e-002
+1.397917e+004	   +9.703185e-002
+1.399117e+004	   +9.592316e-002
+1.400317e+004	   +9.549505e-002
+1.401517e+004	   +9.645622e-002
+1.402717e+004	   +9.592398e-002
+1.403917e+004	   +9.518614e-002
+1.405117e+004	   +9.638374e-002
+1.406317e+004	   +9.606119e-002
+1.407517e+004	   +9.452375e-002
+1.408717e+004	   +9.752290e-002
+1.409917e+004	   +9.585916e-002
+1.411118e+004	   +9.649440e-002
+1.412318e+004	   +9.588641e-002
+1.413518e+004	   +9.625366e-002
+1.414718e+004	   +9.683950e-002
+1.415918e+004	   +9.685392e-002
+1.417118e+004	   +9.787668e-002
+1.418318e+004	   +9.701701e-002
+1.419518e+004	   +9.670930e-002
+1.420718e+004	   +9.782926e-002
+1.421918e+004	   +9.796180e-002
+1.423119e+004	   +9.834465e-002
+1.424319e+004	   +9.809859e-002
+1.425519e+004	   +9.834561e-002
+1.426719e+004	   +9.760909e-002
+1.427919e+004	   +9.699900e-002
+1.429119e+004	   +9.756768e-002
+1.430319e+004	   +9.673478e-002
+1.431519e+004	   +9.771943e-002
+1.432719e+004	   +9.745554e-002
+1.433919e+004	   +9.741103e-002
+1.435120e+004	   +9.675087e-002
+1.436320e+004	   +9.761374e-002
+1.437520e+004	   +9.844002e-002
+1.438720e+004	   +9.807575e-002
+1.439920e+004	   +9.843845e-002
+1.441120e+004	   +9.980687e-002
+1.442320e+004	   +1.000075e-001
+1.443520e+004	   +1.002763e-001
+1.444720e+004	   +1.004576e-001
+1.445921e+004	   +1.008102e-001
+1.447121e+004	   +1.006037e-001
+1.448321e+004	   +1.003554e-001
+1.449521e+004	   +9.991896e-002
+1.450721e+004	   +9.922346e-002
+1.451921e+004	   +1.004254e-001
+1.453121e+004	   +9.983114e-002
+1.454321e+004	   +1.001893e-001
+1.455521e+004	   +1.004762e-001
+1.456721e+004	   +9.998715e-002
+1.457921e+004	   +9.956340e-002
+1.459122e+004	   +9.945007e-002
+1.460322e+004	   +9.882871e-002
+1.461522e+004	   +9.903914e-002
+1.462722e+004	   +1.001575e-001
+1.463922e+004	   +1.012274e-001
+1.465122e+004	   +1.001530e-001
+1.466322e+004	   +1.014915e-001
+1.467522e+004	   +1.030172e-001
+1.468722e+004	   +1.007728e-001
+1.469922e+004	   +1.013532e-001
+1.471123e+004	   +1.001834e-001
+1.472323e+004	   +9.946759e-002
+1.473523e+004	   +1.025798e-001
+1.474723e+004	   +1.007328e-001
+1.475923e+004	   +1.017940e-001
+1.477123e+004	   +9.987482e-002
+1.478323e+004	   +1.007566e-001
+1.479523e+004	   +1.021377e-001
+1.480723e+004	   +1.020750e-001
+1.481923e+004	   +1.012605e-001
+1.483124e+004	   +1.045524e-001
+1.484324e+004	   +1.026300e-001
+1.485524e+004	   +1.056903e-001
+1.486724e+004	   +1.062464e-001
+1.487924e+004	   +1.058137e-001
+1.489124e+004	   +1.063272e-001
+1.490324e+004	   +1.061322e-001
+1.491524e+004	   +1.067448e-001
+1.492724e+004	   +1.055012e-001
+1.493924e+004	   +1.066091e-001
+1.495125e+004	   +1.078558e-001
+1.496325e+004	   +1.084148e-001
+1.497525e+004	   +1.059422e-001
+1.498725e+004	   +1.062323e-001
+1.499925e+004	   +1.063652e-001
+1.501125e+004	   +1.062952e-001
+1.502325e+004	   +1.060824e-001
+1.503525e+004	   +1.054815e-001
+1.504725e+004	   +1.046861e-001
+1.505925e+004	   +1.073577e-001
+1.507126e+004	   +1.068473e-001
+1.508326e+004	   +1.072670e-001
+1.509526e+004	   +1.079027e-001
+1.510726e+004	   +1.071903e-001
+1.511926e+004	   +1.075035e-001
+1.513126e+004	   +1.066914e-001
+1.514326e+004	   +1.092307e-001
+1.515526e+004	   +1.090767e-001
+1.516726e+004	   +1.069645e-001
+1.517926e+004	   +1.055928e-001
+1.519127e+004	   +1.062030e-001
+1.520327e+004	   +1.060703e-001
+1.521527e+004	   +1.069097e-001
+1.522727e+004	   +1.049755e-001
+1.523927e+004	   +1.042587e-001
+1.525127e+004	   +1.044403e-001
+1.526327e+004	   +1.060007e-001
+1.527527e+004	   +1.063181e-001
+1.528727e+004	   +1.050797e-001
+1.529927e+004	   +1.072293e-001
+1.531128e+004	   +1.077969e-001
+1.532328e+004	   +1.093972e-001
+1.533528e+004	   +1.094423e-001
+1.534728e+004	   +1.111173e-001
+1.535928e+004	   +1.101407e-001
+1.537128e+004	   +1.107043e-001
+1.538328e+004	   +1.109276e-001
+1.539528e+004	   +1.110497e-001
+1.540728e+004	   +1.073474e-001
+1.541928e+004	   +1.091683e-001
+1.543129e+004	   +1.093067e-001
+1.544329e+004	   +1.083726e-001
+1.545529e+004	   +1.071879e-001
+1.546729e+004	   +1.073865e-001
+1.547929e+004	   +1.049720e-001
+1.549129e+004	   +1.061052e-001
+1.550329e+004	   +1.059795e-001
+1.551529e+004	   +1.069081e-001
+1.552729e+004	   +1.066669e-001
+1.553929e+004	   +1.061586e-001
+1.555130e+004	   +1.048587e-001
+1.556330e+004	   +1.057034e-001
+1.557530e+004	   +1.064703e-001
+1.558730e+004	   +1.039584e-001
+1.559930e+004	   +1.057173e-001
+1.561130e+004	   +1.061716e-001
+1.562330e+004	   +1.075119e-001
+1.563530e+004	   +1.069226e-001
+1.564730e+004	   +1.059860e-001
+1.565930e+004	   +1.073601e-001
+1.567131e+004	   +1.068382e-001
+1.568331e+004	   +1.058895e-001
+1.569531e+004	   +1.062143e-001
+1.570731e+004	   +1.086064e-001
+1.571931e+004	   +1.086612e-001
+1.573131e+004	   +1.076122e-001
+1.574331e+004	   +1.081933e-001
+1.575531e+004	   +1.078354e-001
+1.576731e+004	   +1.090939e-001
+1.577931e+004	   +1.097419e-001
+1.579132e+004	   +1.076408e-001
+1.580332e+004	   +1.079044e-001
+1.581532e+004	   +1.093829e-001
+1.582732e+004	   +1.076746e-001
+1.583932e+004	   +1.086369e-001
+1.585132e+004	   +1.086573e-001
+1.586332e+004	   +1.077835e-001
+1.587532e+004	   +1.076420e-001
+1.588732e+004	   +1.091641e-001
+1.589932e+004	   +1.053756e-001
+1.591133e+004	   +1.053257e-001
+1.592333e+004	   +1.064662e-001
+1.593533e+004	   +1.043779e-001
+1.594733e+004	   +1.043636e-001
+1.595933e+004	   +1.033478e-001
+1.597133e+004	   +1.035762e-001
+1.598333e+004	   +1.019994e-001
+1.599533e+004	   +1.024660e-001
+1.600733e+004	   +1.044502e-001
+1.601933e+004	   +1.033022e-001
+1.603134e+004	   +1.022012e-001
+1.604334e+004	   +1.027474e-001
+1.605534e+004	   +1.027125e-001
+1.606734e+004	   +1.016367e-001
+1.607934e+004	   +1.026252e-001
+1.609134e+004	   +1.037410e-001
+1.610334e+004	   +1.025747e-001
+1.611534e+004	   +1.032904e-001
+1.612734e+004	   +1.032976e-001
+1.613934e+004	   +1.041422e-001
+1.615135e+004	   +1.047951e-001
+1.616335e+004	   +1.033223e-001
+1.617535e+004	   +1.036892e-001
+1.618735e+004	   +1.056977e-001
+1.619935e+004	   +1.052209e-001
+1.621135e+004	   +1.058053e-001
+1.622335e+004	   +1.063119e-001
+1.623535e+004	   +1.068064e-001
+1.624735e+004	   +1.077337e-001
+1.625935e+004	   +1.068680e-001
+1.627136e+004	   +1.083062e-001
+1.628336e+004	   +1.081915e-001
+1.629536e+004	   +1.058390e-001
+1.630736e+004	   +1.065855e-001
+1.631936e+004	   +1.063039e-001
+1.633136e+004	   +1.055717e-001
+1.634336e+004	   +1.052938e-001
+1.635536e+004	   +1.041160e-001
+1.636736e+004	   +1.046325e-001
+1.637936e+004	   +1.036236e-001
+1.639137e+004	   +1.033752e-001
+1.640337e+004	   +1.021245e-001
+1.641537e+004	   +1.024424e-001
+1.642737e+004	   +1.021295e-001
+1.643937e+004	   +1.025818e-001
+1.645137e+004	   +1.035264e-001
+1.646337e+004	   +1.040255e-001
+1.647537e+004	   +1.048914e-001
+1.648737e+004	   +1.058829e-001
+1.649938e+004	   +1.066138e-001
+1.651138e+004	   +1.076587e-001
+1.652338e+004	   +1.084853e-001
+1.653538e+004	   +1.089931e-001
+1.654738e+004	   +1.097062e-001
+1.655938e+004	   +1.093774e-001
+1.657138e+004	   +1.089794e-001
+1.658338e+004	   +1.093547e-001
+1.659538e+004	   +1.091724e-001
+1.660738e+004	   +1.087548e-001
+1.661938e+004	   +1.082211e-001
+1.663138e+004	   +1.073075e-001
+1.664339e+004	   +1.068043e-001
+1.665539e+004	   +1.067322e-001
+1.666739e+004	   +1.063821e-001
+1.667939e+004	   +1.060484e-001
+1.669139e+004	   +1.061753e-001
+1.670339e+004	   +1.063249e-001
+1.671539e+004	   +1.061399e-001
+1.672739e+004	   +1.053324e-001
+1.673939e+004	   +1.067543e-001
+1.675140e+004	   +1.072548e-001
+1.676340e+004	   +1.078586e-001
+1.677540e+004	   +1.084370e-001
+1.678740e+004	   +1.075077e-001
+1.679940e+004	   +1.087915e-001
+1.681140e+004	   +1.090313e-001
+1.682340e+004	   +1.090608e-001
+1.683540e+004	   +1.097673e-001
+1.684740e+004	   +1.086369e-001
+1.685940e+004	   +1.083556e-001
+1.687141e+004	   +1.084367e-001
+1.688341e+004	   +1.075680e-001
+1.689541e+004	   +1.082596e-001
+1.690741e+004	   +1.075429e-001
+1.691941e+004	   +1.073914e-001
+1.693141e+004	   +1.071363e-001
+1.694341e+004	   +1.088186e-001
+1.695541e+004	   +1.092703e-001
+1.696741e+004	   +1.096804e-001
+1.697941e+004	   +1.097547e-001
+1.699142e+004	   +1.103706e-001
+1.700342e+004	   +1.109725e-001
+1.701542e+004	   +1.114222e-001
+1.702742e+004	   +1.125559e-001
+1.703942e+004	   +1.102930e-001
+1.705142e+004	   +1.109281e-001
+1.706342e+004	   +1.101651e-001
+1.707542e+004	   +1.117900e-001
+1.708742e+004	   +1.115570e-001
+1.709942e+004	   +1.118897e-001
+1.711143e+004	   +1.109607e-001
+1.712343e+004	   +1.113174e-001
+1.713543e+004	   +1.108818e-001
+1.714743e+004	   +1.114306e-001
+1.715943e+004	   +1.099066e-001
+1.717143e+004	   +1.114506e-001
+1.718343e+004	   +1.117559e-001
+1.719543e+004	   +1.121510e-001
+1.720743e+004	   +1.119069e-001
+1.721944e+004	   +1.136592e-001
+1.723144e+004	   +1.128964e-001
+1.724344e+004	   +1.132105e-001
+1.725544e+004	   +1.127674e-001
+1.726744e+004	   +1.129223e-001
+1.727944e+004	   +1.127983e-001
+1.729144e+004	   +1.124816e-001
+1.730344e+004	   +1.144754e-001
+1.731544e+004	   +1.122098e-001
+1.732744e+004	   +1.132964e-001
+1.733945e+004	   +1.125076e-001
+1.735145e+004	   +1.119801e-001
+1.736345e+004	   +1.118137e-001
+1.737545e+004	   +1.138786e-001
+1.738745e+004	   +1.130337e-001
+1.739945e+004	   +1.146105e-001
+1.741145e+004	   +1.161585e-001
+1.742345e+004	   +1.144636e-001
+1.743545e+004	   +1.159012e-001
+1.744745e+004	   +1.166326e-001
+1.745946e+004	   +1.157636e-001
+1.747146e+004	   +1.178469e-001
+1.748346e+004	   +1.177372e-001
+1.749546e+004	   +1.167601e-001
+1.750746e+004	   +1.175985e-001
+1.751946e+004	   +1.190701e-001
+1.753146e+004	   +1.186174e-001
+1.754346e+004	   +1.183114e-001
+1.755546e+004	   +1.181761e-001
+1.756746e+004	   +1.179390e-001
+1.757946e+004	   +1.174646e-001
+1.759146e+004	   +1.175489e-001
+1.760347e+004	   +1.172239e-001
+1.761547e+004	   +1.161433e-001
+1.762747e+004	   +1.165501e-001
+1.763947e+004	   +1.174799e-001
+1.765147e+004	   +1.159963e-001
+1.766347e+004	   +1.179153e-001
+1.767547e+004	   +1.188343e-001
+1.768747e+004	   +1.194029e-001
+1.769947e+004	   +1.209659e-001
+1.771148e+004	   +1.193087e-001
+1.772348e+004	   +1.201787e-001
+1.773548e+004	   +1.205498e-001
+1.774748e+004	   +1.209471e-001
+1.775948e+004	   +1.206201e-001
+1.777148e+004	   +1.210770e-001
+1.778348e+004	   +1.208081e-001
+1.779548e+004	   +1.205953e-001
+1.780748e+004	   +1.208717e-001
+1.781948e+004	   +1.207970e-001
+1.783149e+004	   +1.191841e-001
+1.784349e+004	   +1.187678e-001
+1.785549e+004	   +1.168731e-001
+1.786749e+004	   +1.177817e-001
+1.787949e+004	   +1.177370e-001
+1.789149e+004	   +1.162149e-001
+1.790349e+004	   +1.154613e-001
+1.791549e+004	   +1.171560e-001
+1.792749e+004	   +1.168477e-001
+1.793949e+004	   +1.171759e-001
+1.795150e+004	   +1.163136e-001
+1.796350e+004	   +1.183323e-001
+1.797550e+004	   +1.174957e-001
+1.798750e+004	   +1.165749e-001
+1.799950e+004	   +1.175379e-001
+1.801150e+004	   +1.169323e-001
+1.802350e+004	   +1.173898e-001
+1.803550e+004	   +1.172368e-001
+1.804750e+004	   +1.168408e-001
+1.805950e+004	   +1.171179e-001
+1.807151e+004	   +1.163124e-001
+1.808351e+004	   +1.180798e-001
+1.809551e+004	   +1.177523e-001
+1.810751e+004	   +1.155314e-001
+1.811951e+004	   +1.174143e-001
+1.813151e+004	   +1.156817e-001
+1.814351e+004	   +1.157772e-001
+1.815551e+004	   +1.178998e-001
+1.816751e+004	   +1.182451e-001
+1.817952e+004	   +1.170890e-001
+1.819152e+004	   +1.187382e-001
+1.820352e+004	   +1.185762e-001
+1.821552e+004	   +1.196131e-001
+1.822752e+004	   +1.196489e-001
+1.823952e+004	   +1.187064e-001
+1.825152e+004	   +1.189375e-001
+1.826352e+004	   +1.202190e-001
+1.827552e+004	   +1.214075e-001
+1.828752e+004	   +1.201822e-001
+1.829953e+004	   +1.202459e-001
+1.831153e+004	   +1.193166e-001
+1.832353e+004	   +1.197903e-001
+1.833553e+004	   +1.193089e-001
+1.834753e+004	   +1.177793e-001
+1.835953e+004	   +1.186234e-001
+1.837153e+004	   +1.178037e-001
+1.838353e+004	   +1.171635e-001
+1.839553e+004	   +1.159252e-001
+1.840753e+004	   +1.153480e-001
+1.841954e+004	   +1.152295e-001
+1.843154e+004	   +1.149869e-001
+1.844354e+004	   +1.117449e-001
+1.845554e+004	   +1.140291e-001
+1.846754e+004	   +1.132047e-001
+1.847954e+004	   +1.142596e-001
+1.849154e+004	   +1.142489e-001
+1.850354e+004	   +1.144498e-001
+1.851554e+004	   +1.144475e-001
+1.852754e+004	   +1.152919e-001
+1.853954e+004	   +1.132923e-001
+1.855154e+004	   +1.134122e-001
+1.856355e+004	   +1.140799e-001
+1.857555e+004	   +1.147682e-001
+1.858755e+004	   +1.151187e-001
+1.859955e+004	   +1.151474e-001
+1.861155e+004	   +1.145836e-001
+1.862355e+004	   +1.145947e-001
+1.863555e+004	   +1.150013e-001
+1.864755e+004	   +1.131557e-001
+1.865955e+004	   +1.108497e-001
+1.867156e+004	   +1.114818e-001
+1.868356e+004	   +1.120248e-001
+1.869556e+004	   +1.113315e-001
+1.870756e+004	   +1.109354e-001
+1.871956e+004	   +1.112127e-001
+1.873156e+004	   +1.088115e-001
+1.874356e+004	   +1.092941e-001
+1.875556e+004	   +1.109363e-001
+1.876756e+004	   +1.102897e-001
+1.877956e+004	   +1.098819e-001
+1.879157e+004	   +1.103201e-001
+1.880357e+004	   +1.102486e-001
+1.881557e+004	   +1.099744e-001
+1.882757e+004	   +1.089225e-001
+1.883957e+004	   +1.093583e-001
+1.885157e+004	   +1.095293e-001
+1.886357e+004	   +1.089474e-001
+1.887557e+004	   +1.073565e-001
+1.888757e+004	   +1.066585e-001
+1.889957e+004	   +1.049750e-001
+1.891158e+004	   +1.056453e-001
+1.892358e+004	   +1.038745e-001
+1.893558e+004	   +1.038528e-001
+1.894758e+004	   +1.014677e-001
+1.895958e+004	   +9.997934e-002
+1.897158e+004	   +1.004907e-001
+1.898358e+004	   +9.916197e-002
+1.899558e+004	   +9.752695e-002
+1.900758e+004	   +9.752946e-002
+1.901958e+004	   +9.721343e-002
+1.903159e+004	   +9.627024e-002
+1.904359e+004	   +9.458123e-002
+1.905559e+004	   +9.458650e-002
+1.906759e+004	   +9.360459e-002
+1.907959e+004	   +9.288336e-002
+1.909159e+004	   +9.142119e-002
+1.910359e+004	   +8.954863e-002
+1.911559e+004	   +9.102618e-002
+1.912759e+004	   +8.888869e-002
+1.913960e+004	   +8.785839e-002
+1.915160e+004	   +8.459751e-002
+1.916360e+004	   +8.509851e-002
+1.917560e+004	   +8.279842e-002
+1.918760e+004	   +8.181057e-002
+1.919960e+004	   +8.092149e-002
+1.921160e+004	   +7.978355e-002
+1.922360e+004	   +7.651092e-002
+1.923560e+004	   +7.521223e-002
+1.924760e+004	   +7.335620e-002
+1.925961e+004	   +7.134036e-002
+1.927161e+004	   +6.948501e-002
+1.928361e+004	   +6.734630e-002
+1.929561e+004	   +6.469069e-002
+1.930761e+004	   +6.311968e-002
+1.931961e+004	   +5.958880e-002
+1.933161e+004	   +5.833740e-002
+1.934361e+004	   +5.604786e-002
+1.935561e+004	   +5.300124e-002
+1.936761e+004	   +5.068641e-002
+1.937962e+004	   +4.773786e-002
+1.939162e+004	   +4.457410e-002
+1.940362e+004	   +4.303734e-002
+1.941562e+004	   +4.148498e-002
+1.942762e+004	   +3.820578e-002
+1.943962e+004	   +3.598674e-002
+1.945162e+004	   +3.307422e-002
+1.946362e+004	   +3.087275e-002
+1.947562e+004	   +2.766179e-002
+1.948762e+004	   +2.562934e-002
+1.949963e+004	   +2.178276e-002
+1.951163e+004	   +2.017098e-002
+1.952363e+004	   +1.590875e-002
+1.953563e+004	   +1.290397e-002
+1.954763e+004	   +9.927129e-003
+1.955963e+004	   +5.686472e-003
+1.957163e+004	   +2.956452e-003
+1.958363e+004	   -1.144590e-003
+1.959563e+004	   -5.001840e-003
+1.960763e+004	   -1.162258e-002
+1.961963e+004	   -1.274239e-002
+1.963164e+004	   -1.726093e-002
+1.964364e+004	   -2.033800e-002
+1.965564e+004	   -2.499386e-002
+1.966764e+004	   -2.936640e-002
+1.967964e+004	   -3.408813e-002
+1.969164e+004	   -3.603975e-002
+1.970364e+004	   -4.263757e-002
+1.971564e+004	   -4.477242e-002
+1.972764e+004	   -5.062940e-002
+1.973964e+004	   -5.664364e-002
+1.975165e+004	   -6.012997e-002
+1.976365e+004	   -6.589022e-002
+1.977565e+004	   -6.971516e-002
+1.978765e+004	   -7.476759e-002
+1.979965e+004	   -7.971514e-002
+1.981165e+004	   -8.516113e-002
+1.982365e+004	   -9.022417e-002
+1.983565e+004	   -9.593619e-002
+1.984765e+004	   -1.007760e-001
+1.985965e+004	   -1.064781e-001
+1.987166e+004	   -1.115511e-001
+1.988366e+004	   -1.195141e-001
+1.989566e+004	   -1.240054e-001
+1.990766e+004	   -1.294453e-001
+1.991966e+004	   -1.368687e-001
+1.993166e+004	   -1.428688e-001
+1.994366e+004	   -1.498407e-001
+1.995566e+004	   -1.555713e-001
+1.996766e+004	   -1.639203e-001
+1.997966e+004	   -1.715453e-001
+1.999167e+004	   -1.789957e-001
+2.000367e+004	   -1.865723e-001
+2.001567e+004	   -1.943644e-001
+2.002767e+004	   -2.022744e-001
+2.003967e+004	   -2.113119e-001
+2.005167e+004	   -2.186193e-001
+2.006367e+004	   -2.281031e-001
+2.007567e+004	   -2.339420e-001
+2.008767e+004	   -2.436400e-001
+2.009968e+004	   -2.519127e-001
+2.011168e+004	   -2.590205e-001
+2.012368e+004	   -2.679757e-001
+2.013568e+004	   -2.757934e-001
+2.014768e+004	   -2.837072e-001
+2.015968e+004	   -2.918291e-001
+2.017168e+004	   -3.010569e-001
+2.018368e+004	   -3.086343e-001
+2.019568e+004	   -3.175896e-001
+2.020768e+004	   -3.271375e-001
+2.021969e+004	   -3.364543e-001
+2.023169e+004	   -3.471280e-001
+2.024369e+004	   -3.566270e-001
+2.025569e+004	   -3.654324e-001
+2.026769e+004	   -3.772363e-001
+2.027969e+004	   -3.872769e-001
+2.029169e+004	   -3.985775e-001
+2.030369e+004	   -4.093110e-001
+2.031569e+004	   -4.204101e-001
+2.032769e+004	   -4.309144e-001
+2.033970e+004	   -4.413861e-001
+2.035170e+004	   -4.538169e-001
+2.036370e+004	   -4.640306e-001
+2.037570e+004	   -4.762886e-001
+2.038770e+004	   -4.883161e-001
+2.039970e+004	   -4.987506e-001
+2.041170e+004	   -5.100630e-001
+2.042370e+004	   -5.219161e-001
+2.043570e+004	   -5.331853e-001
+2.044770e+004	   -5.470263e-001
+2.045971e+004	   -5.580693e-001
+2.047171e+004	   -5.699851e-001
+2.048371e+004	   -5.838428e-001
+2.049571e+004	   -5.971444e-001
+2.050771e+004	   -6.103130e-001
+2.051971e+004	   -6.250128e-001
+2.053171e+004	   -6.404518e-001
+2.054371e+004	   -6.524684e-001
+2.055571e+004	   -6.655524e-001
+2.056771e+004	   -6.817707e-001
+2.057971e+004	   -6.955153e-001
+2.059172e+004	   -7.108756e-001
+2.060372e+004	   -7.252270e-001
+2.061572e+004	   -7.403476e-001
+2.062772e+004	   -7.555013e-001
+2.063972e+004	   -7.682518e-001
+2.065172e+004	   -7.839364e-001
+2.066372e+004	   -7.992324e-001
+2.067572e+004	   -8.136216e-001
+2.068772e+004	   -8.284062e-001
+2.069972e+004	   -8.438614e-001
+2.071173e+004	   -8.588511e-001
+2.072373e+004	   -8.738393e-001
+2.073573e+004	   -8.915504e-001
+2.074773e+004	   -9.089153e-001
+2.075973e+004	   -9.242198e-001
+2.077173e+004	   -9.422651e-001
+2.078373e+004	   -9.589005e-001
+2.079573e+004	   -9.769742e-001
+2.080773e+004	   -9.942090e-001
+2.081973e+004	   -1.011745e+000
+2.083174e+004	   -1.031580e+000
+2.084374e+004	   -1.049398e+000
+2.085574e+004	   -1.067524e+000
+2.086774e+004	   -1.086552e+000
+2.087974e+004	   -1.105122e+000
+2.089174e+004	   -1.123738e+000
+2.090374e+004	   -1.143500e+000
+2.091574e+004	   -1.163525e+000
+2.092774e+004	   -1.180989e+000
+2.093974e+004	   -1.199840e+000
+2.095175e+004	   -1.220418e+000
+2.096375e+004	   -1.239303e+000
+2.097575e+004	   -1.259979e+000
+2.098775e+004	   -1.280055e+000
+2.099975e+004	   -1.300879e+000
+2.101175e+004	   -1.323527e+000
+2.102375e+004	   -1.343627e+000
+2.103575e+004	   -1.364632e+000
+2.104775e+004	   -1.386600e+000
+2.105975e+004	   -1.410073e+000
+2.107176e+004	   -1.432317e+000
+2.108376e+004	   -1.454726e+000
+2.109576e+004	   -1.476756e+000
+2.110776e+004	   -1.499567e+000
+2.111976e+004	   -1.524771e+000
+2.113176e+004	   -1.549224e+000
+2.114376e+004	   -1.572186e+000
+2.115576e+004	   -1.596821e+000
+2.116776e+004	   -1.621814e+000
+2.117977e+004	   -1.646850e+000
+2.119177e+004	   -1.671425e+000
+2.120377e+004	   -1.696867e+000
+2.121577e+004	   -1.723089e+000
+2.122777e+004	   -1.747512e+000
+2.123977e+004	   -1.772415e+000
+2.125177e+004	   -1.800051e+000
+2.126377e+004	   -1.825652e+000
+2.127577e+004	   -1.852503e+000
+2.128777e+004	   -1.880498e+000
+2.129978e+004	   -1.907642e+000
+2.131178e+004	   -1.933283e+000
+2.132378e+004	   -1.959872e+000
+2.133578e+004	   -1.988613e+000
+2.134778e+004	   -2.016701e+000
+2.135978e+004	   -2.044675e+000
+2.137178e+004	   -2.072929e+000
+2.138378e+004	   -2.102473e+000
+2.139578e+004	   -2.131222e+000
+2.140778e+004	   -2.158421e+000
+2.141979e+004	   -2.190384e+000
+2.143179e+004	   -2.221557e+000
+2.144379e+004	   -2.251114e+000
+2.145579e+004	   -2.282422e+000
+2.146779e+004	   -2.313432e+000
+2.147979e+004	   -2.343620e+000
+2.149179e+004	   -2.375595e+000
+2.150379e+004	   -2.409728e+000
+2.151579e+004	   -2.442374e+000
+2.152779e+004	   -2.475018e+000
+2.153979e+004	   -2.509115e+000
+2.155179e+004	   -2.542613e+000
+2.156380e+004	   -2.577094e+000
+2.157580e+004	   -2.611632e+000
+2.158780e+004	   -2.646450e+000
+2.159980e+004	   -2.679071e+000
+2.161180e+004	   -2.714417e+000
+2.162380e+004	   -2.749178e+000
+2.163580e+004	   -2.783833e+000
+2.164780e+004	   -2.819013e+000
+2.165980e+004	   -2.854172e+000
+2.167181e+004	   -2.890455e+000
+2.168381e+004	   -2.926378e+000
+2.169581e+004	   -2.963639e+000
+2.170781e+004	   -2.998178e+000
+2.171981e+004	   -3.040048e+000
+2.173181e+004	   -3.078477e+000
+2.174381e+004	   -3.118304e+000
+2.175581e+004	   -3.158197e+000
+2.176781e+004	   -3.197405e+000
+2.177981e+004	   -3.238661e+000
+2.179182e+004	   -3.281240e+000
+2.180382e+004	   -3.322062e+000
+2.181582e+004	   -3.364043e+000
+2.182782e+004	   -3.407290e+000
+2.183982e+004	   -3.449958e+000
+2.185182e+004	   -3.493526e+000
+2.186382e+004	   -3.537696e+000
+2.187582e+004	   -3.580693e+000
+2.188782e+004	   -3.623873e+000
+2.189982e+004	   -3.668456e+000
+2.191183e+004	   -3.713050e+000
+2.192383e+004	   -3.758112e+000
+2.193583e+004	   -3.803448e+000
+2.194783e+004	   -3.849252e+000
+2.195983e+004	   -3.893342e+000
+2.197183e+004	   -3.943198e+000
+2.198383e+004	   -3.991831e+000
+2.199583e+004	   -4.037251e+000
+2.200783e+004	   -4.089290e+000
+2.201983e+004	   -4.138100e+000
+2.203184e+004	   -4.188217e+000
+2.204384e+004	   -4.238853e+000
+2.205584e+004	   -4.291953e+000
+2.206784e+004	   -4.341487e+000
+2.207984e+004	   -4.394054e+000
+2.209184e+004	   -4.446058e+000
+2.210384e+004	   -4.496747e+000
+2.211584e+004	   -4.550619e+000
+2.212784e+004	   -4.608748e+000
+2.213985e+004	   -4.659914e+000
+2.215185e+004	   -4.718954e+000
+2.216385e+004	   -4.774179e+000
+2.217585e+004	   -4.830817e+000
+2.218785e+004	   -4.883106e+000
+2.219985e+004	   -4.940583e+000
+2.221185e+004	   -5.003767e+000
+2.222385e+004	   -5.058788e+000
+2.223585e+004	   -5.118861e+000
+2.224785e+004	   -5.181756e+000
+2.225986e+004	   -5.238016e+000
+2.227186e+004	   -5.299631e+000
+2.228386e+004	   -5.364290e+000
+2.229586e+004	   -5.427221e+000
+2.230786e+004	   -5.489510e+000
+2.231986e+004	   -5.554845e+000
+2.233186e+004	   -5.617285e+000
+2.234386e+004	   -5.679965e+000
+2.235586e+004	   -5.743932e+000
+2.236786e+004	   -5.811407e+000
+2.237987e+004	   -5.876813e+000
+2.239187e+004	   -5.942210e+000
+2.240387e+004	   -6.008859e+000
+2.241587e+004	   -6.076115e+000
+2.242787e+004	   -6.146974e+000
+2.243987e+004	   -6.220871e+000
+2.245187e+004	   -6.292002e+000
+2.246387e+004	   -6.362030e+000
+2.247587e+004	   -6.435860e+000
+2.248787e+004	   -6.508234e+000
+2.249988e+004	   -6.579822e+000
+2.251188e+004	   -6.656668e+000
+2.252388e+004	   -6.730464e+000
+2.253588e+004	   -6.802894e+000
+2.254788e+004	   -6.874563e+000
+2.255988e+004	   -6.957321e+000
+2.257188e+004	   -7.032040e+000
+2.258388e+004	   -7.110812e+000
+2.259588e+004	   -7.193139e+000
+2.260788e+004	   -7.274901e+000
+2.261988e+004	   -7.346613e+000
+2.263189e+004	   -7.435890e+000
+2.264389e+004	   -7.514542e+000
+2.265589e+004	   -7.601016e+000
+2.266789e+004	   -7.685734e+000
+2.267989e+004	   -7.771097e+000
+2.269189e+004	   -7.856481e+000
+2.270389e+004	   -7.935452e+000
+2.271589e+004	   -8.029110e+000
+2.272789e+004	   -8.111852e+000
+2.273989e+004	   -8.211039e+000
+2.275190e+004	   -8.286714e+000
+2.276390e+004	   -8.389618e+000
+2.277590e+004	   -8.480917e+000
+2.278790e+004	   -8.567933e+000
+2.279990e+004	   -8.660860e+000
+2.281190e+004	   -8.755799e+000
+2.282390e+004	   -8.840515e+000
+2.283590e+004	   -8.937114e+000
+2.284790e+004	   -9.034132e+000
+2.285990e+004	   -9.123903e+000
+2.287191e+004	   -9.222097e+000
+2.288391e+004	   -9.329840e+000
+2.289591e+004	   -9.428916e+000
+2.290791e+004	   -9.523901e+000
+2.291991e+004	   -9.635518e+000
+2.293191e+004	   -9.728172e+000
+2.294391e+004	   -9.835406e+000
+2.295591e+004	   -9.948275e+000
+2.296791e+004	   -1.005281e+001
+2.297991e+004	   -1.014882e+001
+2.299192e+004	   -1.024629e+001
+2.300392e+004	   -1.037138e+001
+2.301592e+004	   -1.046426e+001
+2.302792e+004	   -1.058904e+001
+2.303992e+004	   -1.069281e+001
+2.305192e+004	   -1.079487e+001
+2.306392e+004	   -1.090747e+001
+2.307592e+004	   -1.102913e+001
+2.308792e+004	   -1.116100e+001
+2.309993e+004	   -1.125818e+001
+2.311193e+004	   -1.138685e+001
+2.312393e+004	   -1.147967e+001
+2.313593e+004	   -1.162062e+001
+2.314793e+004	   -1.174871e+001
+2.315993e+004	   -1.186666e+001
+2.317193e+004	   -1.197087e+001
+2.318393e+004	   -1.207484e+001
+2.319593e+004	   -1.222533e+001
+2.320793e+004	   -1.235581e+001
+2.321994e+004	   -1.248819e+001
+2.323194e+004	   -1.260492e+001
+2.324394e+004	   -1.275426e+001
+2.325594e+004	   -1.288221e+001
+2.326794e+004	   -1.298452e+001
+2.327994e+004	   -1.314162e+001
+2.329194e+004	   -1.325969e+001
+2.330394e+004	   -1.336369e+001
+2.331594e+004	   -1.352565e+001
+2.332794e+004	   -1.365366e+001
+2.333995e+004	   -1.375279e+001
+2.335195e+004	   -1.389691e+001
+2.336395e+004	   -1.405061e+001
+2.337595e+004	   -1.424273e+001
+2.338795e+004	   -1.434729e+001
+2.339995e+004	   -1.449228e+001
+2.341195e+004	   -1.457522e+001
+2.342395e+004	   -1.477891e+001
+2.343595e+004	   -1.486298e+001
+2.344795e+004	   -1.502052e+001
+2.345996e+004	   -1.522547e+001
+2.347196e+004	   -1.537300e+001
+2.348396e+004	   -1.549254e+001
+2.349596e+004	   -1.571342e+001
+2.350796e+004	   -1.578969e+001
+2.351996e+004	   -1.598201e+001
+2.353196e+004	   -1.616027e+001
+2.354396e+004	   -1.627663e+001
+2.355596e+004	   -1.647216e+001
+2.356796e+004	   -1.650847e+001
+2.357996e+004	   -1.676018e+001
+2.359197e+004	   -1.694507e+001
+2.360397e+004	   -1.719806e+001
+2.361597e+004	   -1.725723e+001
+2.362797e+004	   -1.745603e+001
+2.363997e+004	   -1.761983e+001
+2.365197e+004	   -1.770785e+001
+2.366397e+004	   -1.806112e+001
+2.367597e+004	   -1.811388e+001
+2.368797e+004	   -1.821677e+001
+2.369997e+004	   -1.828072e+001
+2.371198e+004	   -1.861838e+001
+2.372398e+004	   -1.862120e+001
+2.373598e+004	   -1.878654e+001
+2.374798e+004	   -1.912777e+001
+2.375998e+004	   -1.934806e+001
+2.377198e+004	   -1.938861e+001
+2.378398e+004	   -1.987727e+001
+2.379598e+004	   -1.980874e+001
+2.380798e+004	   -2.005183e+001
+2.381998e+004	   -2.056445e+001
+2.383199e+004	   -2.071099e+001
+2.384399e+004	   -2.065627e+001
+2.385599e+004	   -2.066539e+001
+2.386799e+004	   -2.120089e+001
+2.387999e+004	   -2.080545e+001
+2.389199e+004	   -2.157191e+001
+2.390399e+004	   -2.158302e+001
+2.391599e+004	   -2.101340e+001
+2.392799e+004	   -2.148690e+001
+2.393999e+004	   -2.178092e+001
+2.395200e+004	   -2.385552e+001
+2.396400e+004	   -2.208215e+001
+2.397600e+004	   -2.390361e+001
+2.398800e+004	   -1.838115e+001
+2.400000e+004	   -5.145408e+001
