+1.000000e+001	   +8.932151e+001
+3.005025e+001	   +8.938163e+001
+5.010050e+001	   +8.892301e+001
+7.015076e+001	   +8.841286e+001
+9.020100e+001	   +8.798755e+001
+1.102513e+002	   +8.755082e+001
+1.303015e+002	   +8.714175e+001
+1.503518e+002	   +8.682949e+001
+1.704020e+002	   +8.611720e+001
+1.904523e+002	   +8.572953e+001
+2.105025e+002	   +8.528111e+001
+2.305528e+002	   +8.481374e+001
+2.506030e+002	   +8.455637e+001
+2.706533e+002	   +8.392567e+001
+2.907035e+002	   +8.347174e+001
+3.107538e+002	   +8.295041e+001
+3.308040e+002	   +8.258892e+001
+3.508543e+002	   +8.211620e+001
+3.709045e+002	   +8.169855e+001
+3.909548e+002	   +8.121149e+001
+4.110050e+002	   +8.076902e+001
+4.310553e+002	   +8.032777e+001
+4.511055e+002	   +7.986301e+001
+4.711558e+002	   +7.947456e+001
+4.912060e+002	   +7.893895e+001
+5.112563e+002	   +7.840279e+001
+5.313065e+002	   +7.807063e+001
+5.513568e+002	   +7.765623e+001
+5.714070e+002	   +7.714560e+001
+5.914573e+002	   +7.667952e+001
+6.115075e+002	   +7.627016e+001
+6.315578e+002	   +7.597740e+001
+6.516080e+002	   +7.531618e+001
+6.716583e+002	   +7.493204e+001
+6.917086e+002	   +7.443380e+001
+7.117588e+002	   +7.388758e+001
+7.318090e+002	   +7.370184e+001
+7.518593e+002	   +7.297082e+001
+7.719095e+002	   +7.264121e+001
+7.919598e+002	   +7.216100e+001
+8.120101e+002	   +7.174888e+001
+8.320603e+002	   +7.129407e+001
+8.521105e+002	   +7.085671e+001
+8.721608e+002	   +7.037240e+001
+8.922111e+002	   +7.008147e+001
+9.122613e+002	   +6.948267e+001
+9.323116e+002	   +6.901153e+001
+9.523618e+002	   +6.858751e+001
+9.724120e+002	   +6.824720e+001
+9.924623e+002	   +6.763087e+001
+1.012513e+003	   +6.724043e+001
+1.032563e+003	   +6.673668e+001
+1.052613e+003	   +6.631590e+001
+1.072663e+003	   +6.586241e+001
+1.092714e+003	   +6.539530e+001
+1.112764e+003	   +6.494321e+001
+1.132814e+003	   +6.449652e+001
+1.152864e+003	   +6.406547e+001
+1.172915e+003	   +6.362345e+001
+1.192965e+003	   +6.315089e+001
+1.213015e+003	   +6.266142e+001
+1.233065e+003	   +6.225914e+001
+1.253116e+003	   +6.184898e+001
+1.273166e+003	   +6.136372e+001
+1.293216e+003	   +6.089558e+001
+1.313266e+003	   +6.047948e+001
+1.333317e+003	   +6.000176e+001
+1.353367e+003	   +5.951463e+001
+1.373417e+003	   +5.908620e+001
+1.393467e+003	   +5.866643e+001
+1.413518e+003	   +5.821887e+001
+1.433568e+003	   +5.774518e+001
+1.453618e+003	   +5.728963e+001
+1.473668e+003	   +5.683397e+001
+1.493719e+003	   +5.641434e+001
+1.513769e+003	   +5.595012e+001
+1.533819e+003	   +5.549721e+001
+1.553869e+003	   +5.504275e+001
+1.573920e+003	   +5.459149e+001
+1.593970e+003	   +5.415070e+001
+1.614020e+003	   +5.367793e+001
+1.634070e+003	   +5.321352e+001
+1.654121e+003	   +5.279040e+001
+1.674171e+003	   +5.233851e+001
+1.694221e+003	   +5.199138e+001
+1.714271e+003	   +5.142466e+001
+1.734322e+003	   +5.097626e+001
+1.754372e+003	   +5.053067e+001
+1.774422e+003	   +5.009593e+001
+1.794472e+003	   +4.966373e+001
+1.814523e+003	   +4.919704e+001
+1.834573e+003	   +4.870906e+001
+1.854623e+003	   +4.826453e+001
+1.874673e+003	   +4.781807e+001
+1.894724e+003	   +4.737383e+001
+1.914774e+003	   +4.698161e+001
+1.934824e+003	   +4.646106e+001
+1.954874e+003	   +4.601972e+001
+1.974925e+003	   +4.555957e+001
+1.994975e+003	   +4.510938e+001
+2.015025e+003	   +4.464469e+001
+2.035075e+003	   +4.421587e+001
+2.055126e+003	   +4.374995e+001
+2.075176e+003	   +4.330055e+001
+2.095226e+003	   +4.291081e+001
+2.115276e+003	   +4.240625e+001
+2.135327e+003	   +4.201738e+001
+2.155377e+003	   +4.150956e+001
+2.175427e+003	   +4.106538e+001
+2.195477e+003	   +4.061249e+001
+2.215528e+003	   +4.014030e+001
+2.235578e+003	   +3.968990e+001
+2.255628e+003	   +3.924983e+001
+2.275678e+003	   +3.880334e+001
+2.295729e+003	   +3.835262e+001
+2.315779e+003	   +3.791247e+001
+2.335829e+003	   +3.744053e+001
+2.355879e+003	   +3.700111e+001
+2.375930e+003	   +3.652746e+001
+2.395980e+003	   +3.609853e+001
+2.416030e+003	   +3.563424e+001
+2.436080e+003	   +3.518871e+001
+2.456131e+003	   +3.472126e+001
+2.476181e+003	   +3.429501e+001
+2.496231e+003	   +3.383732e+001
+2.516281e+003	   +3.338932e+001
+2.536332e+003	   +3.292843e+001
+2.556382e+003	   +3.246897e+001
+2.576432e+003	   +3.201865e+001
+2.596482e+003	   +3.158741e+001
+2.616533e+003	   +3.113506e+001
+2.636583e+003	   +3.067776e+001
+2.656633e+003	   +3.022520e+001
+2.676683e+003	   +2.977924e+001
+2.696734e+003	   +2.932832e+001
+2.716784e+003	   +2.889764e+001
+2.736834e+003	   +2.840783e+001
+2.756885e+003	   +2.801748e+001
+2.776935e+003	   +2.751756e+001
+2.796985e+003	   +2.705062e+001
+2.817035e+003	   +2.660938e+001
+2.837085e+003	   +2.617281e+001
+2.857136e+003	   +2.574564e+001
+2.877186e+003	   +2.525828e+001
+2.897236e+003	   +2.483007e+001
+2.917286e+003	   +2.442356e+001
+2.937337e+003	   +2.397263e+001
+2.957387e+003	   +2.348753e+001
+2.977437e+003	   +2.300895e+001
+2.997488e+003	   +2.255461e+001
+3.017538e+003	   +2.208934e+001
+3.037588e+003	   +2.166077e+001
+3.057638e+003	   +2.120559e+001
+3.077688e+003	   +2.072829e+001
+3.097739e+003	   +2.031407e+001
+3.117789e+003	   +1.984803e+001
+3.137839e+003	   +1.941027e+001
+3.157889e+003	   +1.895424e+001
+3.177940e+003	   +1.851537e+001
+3.197990e+003	   +1.804506e+001
+3.218040e+003	   +1.758780e+001
+3.238090e+003	   +1.713647e+001
+3.258141e+003	   +1.667932e+001
+3.278191e+003	   +1.629562e+001
+3.298241e+003	   +1.579784e+001
+3.318292e+003	   +1.533967e+001
+3.338342e+003	   +1.488054e+001
+3.358392e+003	   +1.442613e+001
+3.378442e+003	   +1.399704e+001
+3.398492e+003	   +1.351968e+001
+3.418543e+003	   +1.313179e+001
+3.438593e+003	   +1.263481e+001
+3.458643e+003	   +1.216865e+001
+3.478693e+003	   +1.174867e+001
+3.498744e+003	   +1.128189e+001
+3.518794e+003	   +1.083806e+001
+3.538844e+003	   +1.037901e+001
+3.558895e+003	   +9.908876e+000
+3.578945e+003	   +9.496991e+000
+3.598995e+003	   +9.018682e+000
+3.619045e+003	   +8.571304e+000
+3.639095e+003	   +8.140764e+000
+3.659146e+003	   +7.666110e+000
+3.679196e+003	   +7.231549e+000
+3.699246e+003	   +6.797893e+000
+3.719296e+003	   +6.335512e+000
+3.739347e+003	   +5.892661e+000
+3.759397e+003	   +5.392468e+000
+3.779447e+003	   +4.956123e+000
+3.799498e+003	   +4.566917e+000
+3.819548e+003	   +4.043370e+000
+3.839598e+003	   +3.587482e+000
+3.859648e+003	   +3.086859e+000
+3.879698e+003	   +2.646586e+000
+3.899749e+003	   +2.389353e+000
+3.919799e+003	   +1.912212e+000
+3.939849e+003	   +1.313361e+000
+3.959899e+003	   +1.009122e+000
+3.979950e+003	   +2.566095e-001
+4.000000e+003	   +1.022776e-001
