+1.000000e+001	   +1.810429e+000
+1.399399e+001	   +1.804749e+000
+1.798799e+001	   +1.797736e+000
+2.198198e+001	   +1.788870e+000
+2.597598e+001	   +1.778826e+000
+2.996997e+001	   +1.766829e+000
+3.396396e+001	   +1.752756e+000
+3.795796e+001	   +1.737141e+000
+4.195195e+001	   +1.719852e+000
+4.594595e+001	   +1.700713e+000
+4.993994e+001	   +1.680126e+000
+5.393393e+001	   +1.657885e+000
+5.792793e+001	   +1.633834e+000
+6.192192e+001	   +1.608451e+000
+6.591592e+001	   +1.581383e+000
+6.990991e+001	   +1.552950e+000
+7.390390e+001	   +1.522962e+000
+7.789790e+001	   +1.491534e+000
+8.189189e+001	   +1.458381e+000
+8.588589e+001	   +1.424298e+000
+8.987988e+001	   +1.388848e+000
+9.387387e+001	   +1.351457e+000
+9.786787e+001	   +1.313154e+000
+1.018619e+002	   +1.273677e+000
+1.058559e+002	   +1.232926e+000
+1.098499e+002	   +1.191161e+000
+1.138438e+002	   +1.149782e+000
+1.178378e+002	   +1.106794e+000
+1.218318e+002	   +1.059366e+000
+1.258258e+002	   +1.013427e+000
+1.298198e+002	   +9.666415e-001
+1.338138e+002	   +9.190857e-001
+1.378078e+002	   +8.705912e-001
+1.418018e+002	   +8.218523e-001
+1.457958e+002	   +7.726114e-001
+1.497898e+002	   +7.224446e-001
+1.537838e+002	   +6.721185e-001
+1.577778e+002	   +6.214972e-001
+1.617718e+002	   +5.707595e-001
+1.657658e+002	   +5.236266e-001
+1.697598e+002	   +4.702005e-001
+1.737538e+002	   +4.207371e-001
+1.777477e+002	   +3.729782e-001
+1.817417e+002	   +3.273347e-001
+1.857357e+002	   +2.854347e-001
+1.897297e+002	   +2.489921e-001
+1.937237e+002	   +2.206172e-001
+1.977177e+002	   +2.044390e-001
+2.017117e+002	   +2.032432e-001
+2.057057e+002	   +2.171799e-001
+2.096997e+002	   +2.436871e-001
+2.136937e+002	   +2.794838e-001
+2.176877e+002	   +3.212117e-001
+2.216817e+002	   +3.638680e-001
+2.256757e+002	   +4.139768e-001
+2.296697e+002	   +4.590385e-001
+2.336637e+002	   +5.128952e-001
+2.376577e+002	   +5.635412e-001
+2.416517e+002	   +6.139671e-001
+2.456456e+002	   +6.645857e-001
+2.496396e+002	   +7.149168e-001
+2.536336e+002	   +7.655378e-001
+2.576276e+002	   +8.145534e-001
+2.616216e+002	   +8.592196e-001
+2.656156e+002	   +9.119818e-001
+2.696096e+002	   +9.596323e-001
+2.736036e+002	   +1.006508e+000
+2.775976e+002	   +1.049620e+000
+2.815916e+002	   +1.097530e+000
+2.855856e+002	   +1.141713e+000
+2.895796e+002	   +1.184721e+000
+2.935736e+002	   +1.226503e+000
+2.975676e+002	   +1.267739e+000
+3.015616e+002	   +1.307192e+000
+3.055555e+002	   +1.345915e+000
+3.095496e+002	   +1.383109e+000
+3.135435e+002	   +1.404606e+000
+3.175375e+002	   +1.453890e+000
+3.215315e+002	   +1.482456e+000
+3.255255e+002	   +1.518327e+000
+3.295195e+002	   +1.549041e+000
+3.335135e+002	   +1.577543e+000
+3.375075e+002	   +1.604853e+000
+3.415015e+002	   +1.628149e+000
+3.454955e+002	   +1.651016e+000
+3.494895e+002	   +1.677195e+000
+3.534835e+002	   +1.695978e+000
+3.574775e+002	   +1.717348e+000
+3.614715e+002	   +1.734932e+000
+3.654655e+002	   +1.750516e+000
+3.694595e+002	   +1.764995e+000
+3.734535e+002	   +1.778094e+000
+3.774474e+002	   +1.788774e+000
+3.814414e+002	   +1.797973e+000
+3.854354e+002	   +1.803738e+000
+3.894294e+002	   +1.810361e+000
+3.934234e+002	   +1.814455e+000
+3.974174e+002	   +1.816624e+000
+4.014114e+002	   +1.816482e+000
+4.054054e+002	   +1.815247e+000
+4.093994e+002	   +1.812024e+000
+4.133934e+002	   +1.806975e+000
+4.173874e+002	   +1.799879e+000
+4.213814e+002	   +1.792486e+000
+4.253754e+002	   +1.781271e+000
+4.293694e+002	   +1.769199e+000
+4.333634e+002	   +1.755591e+000
+4.373574e+002	   +1.740156e+000
+4.413513e+002	   +1.722782e+000
+4.453453e+002	   +1.704350e+000
+4.493393e+002	   +1.683929e+000
+4.533333e+002	   +1.661640e+000
+4.573273e+002	   +1.638161e+000
+4.613213e+002	   +1.612801e+000
+4.653153e+002	   +1.589596e+000
+4.693093e+002	   +1.557976e+000
+4.733033e+002	   +1.531427e+000
+4.772973e+002	   +1.496542e+000
+4.812913e+002	   +1.463800e+000
+4.852853e+002	   +1.429805e+000
+4.892793e+002	   +1.394622e+000
+4.932733e+002	   +1.357337e+000
+4.972673e+002	   +1.319456e+000
+5.012613e+002	   +1.285682e+000
+5.052552e+002	   +1.239319e+000
+5.092492e+002	   +1.204994e+000
+5.132432e+002	   +1.155024e+000
+5.172372e+002	   +1.111369e+000
+5.212312e+002	   +1.073337e+000
+5.252252e+002	   +1.020586e+000
+5.292192e+002	   +9.738748e-001
+5.332132e+002	   +9.264093e-001
+5.372072e+002	   +8.867790e-001
+5.412012e+002	   +8.280785e-001
+5.451952e+002	   +7.885209e-001
+5.491892e+002	   +7.300128e-001
+5.531832e+002	   +6.796844e-001
+5.571772e+002	   +6.377587e-001
+5.611711e+002	   +5.781996e-001
+5.651652e+002	   +5.278477e-001
+5.691592e+002	   +4.777408e-001
+5.731531e+002	   +4.281402e-001
+5.771472e+002	   +3.802629e-001
+5.811411e+002	   +3.348924e-001
+5.851351e+002	   +2.914844e-001
+5.891292e+002	   +2.538256e-001
+5.931231e+002	   +2.243293e-001
+5.971171e+002	   +2.081702e-001
+6.011111e+002	   +2.024942e-001
+6.051051e+002	   +2.142416e-001
+6.090991e+002	   +2.343349e-001
+6.130931e+002	   +2.669574e-001
+6.170871e+002	   +3.145713e-001
+6.210811e+002	   +3.592786e-001
+6.250751e+002	   +4.064496e-001
+6.290691e+002	   +4.553626e-001
+6.330630e+002	   +5.051883e-001
+6.370571e+002	   +5.558119e-001
+6.410510e+002	   +6.062115e-001
+6.450450e+002	   +6.571354e-001
+6.490391e+002	   +7.073141e-001
+6.530330e+002	   +7.575374e-001
+6.570270e+002	   +8.071664e-001
+6.610210e+002	   +8.562530e-001
+6.650150e+002	   +9.049375e-001
+6.690090e+002	   +9.523151e-001
+6.730030e+002	   +9.996024e-001
+6.769970e+002	   +1.045333e+000
+6.809910e+002	   +1.082869e+000
+6.849850e+002	   +1.135219e+000
+6.889790e+002	   +1.178329e+000
+6.929730e+002	   +1.220476e+000
+6.969670e+002	   +1.261253e+000
+7.009609e+002	   +1.301329e+000
+7.049550e+002	   +1.340436e+000
+7.089490e+002	   +1.377865e+000
+7.129429e+002	   +1.406448e+000
+7.169370e+002	   +1.448561e+000
+7.209309e+002	   +1.476182e+000
+7.249249e+002	   +1.514087e+000
+7.289189e+002	   +1.544294e+000
+7.329129e+002	   +1.573019e+000
+7.369069e+002	   +1.600685e+000
+7.409009e+002	   +1.626187e+000
+7.448949e+002	   +1.646894e+000
+7.488889e+002	   +1.673649e+000
+7.528829e+002	   +1.694838e+000
+7.568769e+002	   +1.714477e+000
+7.608708e+002	   +1.732182e+000
+7.648649e+002	   +1.745404e+000
+7.688589e+002	   +1.762890e+000
+7.728528e+002	   +1.775580e+000
+7.768469e+002	   +1.786867e+000
+7.808408e+002	   +1.796083e+000
+7.848348e+002	   +1.804046e+000
+7.888289e+002	   +1.810217e+000
+7.928228e+002	   +1.813254e+000
+7.968168e+002	   +1.816168e+000
+8.008108e+002	   +1.816815e+000
+8.048048e+002	   +1.815567e+000
+8.087988e+002	   +1.812721e+000
+8.127928e+002	   +1.807772e+000
+8.167868e+002	   +1.801282e+000
+8.207808e+002	   +1.792935e+000
+8.247748e+002	   +1.782996e+000
+8.287688e+002	   +1.773056e+000
+8.327628e+002	   +1.757895e+000
+8.367568e+002	   +1.742825e+000
+8.407507e+002	   +1.725623e+000
+8.447448e+002	   +1.707006e+000
+8.487387e+002	   +1.687114e+000
+8.527327e+002	   +1.665090e+000
+8.567267e+002	   +1.641742e+000
+8.607207e+002	   +1.616840e+000
+8.647147e+002	   +1.590109e+000
+8.687087e+002	   +1.562044e+000
+8.727027e+002	   +1.538613e+000
+8.766967e+002	   +1.501328e+000
+8.806907e+002	   +1.468972e+000
+8.846847e+002	   +1.434999e+000
+8.886786e+002	   +1.406121e+000
+8.926727e+002	   +1.362947e+000
+8.966667e+002	   +1.325282e+000
+9.006606e+002	   +1.286077e+000
+9.046547e+002	   +1.245720e+000
+9.086486e+002	   +1.212488e+000
+9.126426e+002	   +1.169076e+000
+9.166367e+002	   +1.117817e+000
+9.206306e+002	   +1.073211e+000
+9.246246e+002	   +1.027702e+000
+9.286186e+002	   +9.810989e-001
+9.326126e+002	   +9.335923e-001
+9.366066e+002	   +8.856099e-001
+9.406006e+002	   +8.367373e-001
+9.445946e+002	   +7.876195e-001
+9.485886e+002	   +7.371654e-001
+9.525826e+002	   +6.872997e-001
+9.565766e+002	   +6.367403e-001
+9.605706e+002	   +5.860333e-001
+9.645646e+002	   +5.355495e-001
+9.685585e+002	   +4.854325e-001
+9.725526e+002	   +4.355374e-001
+9.765466e+002	   +3.959871e-001
+9.805405e+002	   +3.408896e-001
+9.845345e+002	   +2.976708e-001
+9.885285e+002	   +2.590726e-001
+9.925225e+002	   +2.278714e-001
+9.965165e+002	   +2.078386e-001
+1.000510e+003	   +2.021075e-001
+1.004505e+003	   +2.116448e-001
+1.008498e+003	   +2.302890e-001
+1.012492e+003	   +2.683496e-001
+1.016487e+003	   +3.004415e-001
+1.020480e+003	   +3.442520e-001
+1.024474e+003	   +3.994978e-001
+1.028469e+003	   +4.481471e-001
+1.032462e+003	   +4.980106e-001
+1.036456e+003	   +5.481749e-001
+1.040450e+003	   +5.987706e-001
+1.044444e+003	   +6.493773e-001
+1.048438e+003	   +6.999526e-001
+1.052432e+003	   +7.500201e-001
+1.056426e+003	   +7.999305e-001
+1.060420e+003	   +8.402184e-001
+1.064414e+003	   +8.976346e-001
+1.068408e+003	   +9.454606e-001
+1.072402e+003	   +9.921935e-001
+1.076396e+003	   +1.038934e+000
+1.080390e+003	   +1.084137e+000
+1.084384e+003	   +1.128428e+000
+1.088378e+003	   +1.171714e+000
+1.092372e+003	   +1.214259e+000
+1.096366e+003	   +1.255180e+000
+1.100360e+003	   +1.295408e+000
+1.104354e+003	   +1.334874e+000
+1.108348e+003	   +1.372085e+000
+1.112342e+003	   +1.408316e+000
+1.116336e+003	   +1.443308e+000
+1.120330e+003	   +1.470729e+000
+1.124324e+003	   +1.502992e+000
+1.128318e+003	   +1.539662e+000
+1.132312e+003	   +1.563877e+000
+1.136306e+003	   +1.596701e+000
+1.140300e+003	   +1.622765e+000
+1.144294e+003	   +1.647351e+000
+1.148288e+003	   +1.670499e+000
+1.152282e+003	   +1.691757e+000
+1.156276e+003	   +1.711523e+000
+1.160270e+003	   +1.729825e+000
+1.164264e+003	   +1.743177e+000
+1.168258e+003	   +1.761019e+000
+1.172252e+003	   +1.773849e+000
+1.176246e+003	   +1.783054e+000
+1.180240e+003	   +1.792856e+000
+1.184234e+003	   +1.802448e+000
+1.188228e+003	   +1.808452e+000
+1.192222e+003	   +1.812816e+000
+1.196216e+003	   +1.815558e+000
+1.200210e+003	   +1.816094e+000
+1.204204e+003	   +1.815347e+000
+1.208198e+003	   +1.812644e+000
+1.212192e+003	   +1.808202e+000
+1.216186e+003	   +1.801771e+000
+1.220180e+003	   +1.793670e+000
+1.224174e+003	   +1.783967e+000
+1.228168e+003	   +1.772599e+000
+1.232162e+003	   +1.759381e+000
+1.236156e+003	   +1.745000e+000
+1.240150e+003	   +1.728570e+000
+1.244144e+003	   +1.710166e+000
+1.248138e+003	   +1.690010e+000
+1.252132e+003	   +1.668634e+000
+1.256126e+003	   +1.645371e+000
+1.260120e+003	   +1.620773e+000
+1.264114e+003	   +1.594177e+000
+1.268108e+003	   +1.566169e+000
+1.272102e+003	   +1.536904e+000
+1.276096e+003	   +1.512018e+000
+1.280090e+003	   +1.474082e+000
+1.284084e+003	   +1.440236e+000
+1.288078e+003	   +1.405043e+000
+1.292072e+003	   +1.368765e+000
+1.296066e+003	   +1.330825e+000
+1.300060e+003	   +1.291927e+000
+1.304054e+003	   +1.251882e+000
+1.308048e+003	   +1.210578e+000
+1.312042e+003	   +1.168025e+000
+1.316036e+003	   +1.124516e+000
+1.320030e+003	   +1.080217e+000
+1.324024e+003	   +1.034446e+000
+1.328018e+003	   +9.961535e-001
+1.332012e+003	   +9.410164e-001
+1.336006e+003	   +8.928933e-001
+1.340000e+003	   +8.441575e-001
+1.343994e+003	   +7.947557e-001
+1.347988e+003	   +7.449440e-001
+1.351982e+003	   +7.036699e-001
+1.355976e+003	   +6.442238e-001
+1.359970e+003	   +5.935934e-001
+1.363964e+003	   +5.428671e-001
+1.367958e+003	   +4.926251e-001
+1.371952e+003	   +4.430759e-001
+1.375946e+003	   +3.945313e-001
+1.379940e+003	   +3.478364e-001
+1.383934e+003	   +3.119492e-001
+1.387928e+003	   +2.643411e-001
+1.391922e+003	   +2.322021e-001
+1.395916e+003	   +2.099729e-001
+1.399910e+003	   +2.018151e-001
+1.403904e+003	   +2.092269e-001
+1.407898e+003	   +2.258570e-001
+1.411892e+003	   +2.626518e-001
+1.415886e+003	   +3.018187e-001
+1.419880e+003	   +3.376708e-001
+1.423874e+003	   +3.922601e-001
+1.427868e+003	   +4.406854e-001
+1.431862e+003	   +4.902678e-001
+1.435856e+003	   +5.405492e-001
+1.439850e+003	   +5.911163e-001
+1.443844e+003	   +6.418319e-001
+1.447838e+003	   +6.922391e-001
+1.451832e+003	   +7.425026e-001
+1.455826e+003	   +7.920647e-001
+1.459820e+003	   +8.416982e-001
+1.463814e+003	   +8.902930e-001
+1.467808e+003	   +9.384305e-001
+1.471802e+003	   +9.855416e-001
+1.475796e+003	   +1.023042e+000
+1.479790e+003	   +1.077427e+000
+1.483784e+003	   +1.121757e+000
+1.487778e+003	   +1.165455e+000
+1.491772e+003	   +1.207879e+000
+1.495766e+003	   +1.249480e+000
+1.499760e+003	   +1.289455e+000
+1.503754e+003	   +1.321010e+000
+1.507748e+003	   +1.366609e+000
+1.511742e+003	   +1.403053e+000
+1.515736e+003	   +1.437999e+000
+1.519730e+003	   +1.471812e+000
+1.523724e+003	   +1.504251e+000
+1.527718e+003	   +1.535178e+000
+1.531712e+003	   +1.558259e+000
+1.535706e+003	   +1.592498e+000
+1.539700e+003	   +1.618993e+000
+1.543694e+003	   +1.643529e+000
+1.547688e+003	   +1.666926e+000
+1.551682e+003	   +1.684185e+000
+1.555676e+003	   +1.704624e+000
+1.559670e+003	   +1.723702e+000
+1.563664e+003	   +1.743622e+000
+1.567658e+003	   +1.758669e+000
+1.571652e+003	   +1.772027e+000
+1.575646e+003	   +1.783475e+000
+1.579640e+003	   +1.793344e+000
+1.583634e+003	   +1.799716e+000
+1.587628e+003	   +1.807798e+000
+1.591622e+003	   +1.812440e+000
+1.595616e+003	   +1.815142e+000
+1.599610e+003	   +1.816194e+000
+1.603604e+003	   +1.815423e+000
+1.607598e+003	   +1.813474e+000
+1.611592e+003	   +1.808603e+000
+1.615586e+003	   +1.802680e+000
+1.619580e+003	   +1.795168e+000
+1.623574e+003	   +1.785810e+000
+1.627568e+003	   +1.774272e+000
+1.631562e+003	   +1.761250e+000
+1.635556e+003	   +1.746835e+000
+1.639550e+003	   +1.730379e+000
+1.643544e+003	   +1.712561e+000
+1.647538e+003	   +1.692686e+000
+1.651531e+003	   +1.675413e+000
+1.655526e+003	   +1.653026e+000
+1.659520e+003	   +1.628114e+000
+1.663514e+003	   +1.598058e+000
+1.667508e+003	   +1.570255e+000
+1.671501e+003	   +1.540890e+000
+1.675495e+003	   +1.510596e+000
+1.679490e+003	   +1.478257e+000
+1.683484e+003	   +1.450550e+000
+1.687477e+003	   +1.410188e+000
+1.691471e+003	   +1.373900e+000
+1.695465e+003	   +1.336249e+000
+1.699459e+003	   +1.297413e+000
+1.703453e+003	   +1.257539e+000
+1.707447e+003	   +1.216344e+000
+1.711441e+003	   +1.174325e+000
+1.715435e+003	   +1.130828e+000
+1.719429e+003	   +1.086376e+000
+1.723423e+003	   +1.041079e+000
+1.727417e+003	   +9.950037e-001
+1.731411e+003	   +9.476693e-001
+1.735405e+003	   +8.998367e-001
+1.739399e+003	   +8.514845e-001
+1.743393e+003	   +8.021632e-001
+1.747387e+003	   +7.525383e-001
+1.751381e+003	   +7.024007e-001
+1.755375e+003	   +6.518661e-001
+1.759369e+003	   +6.011382e-001
+1.763363e+003	   +5.507827e-001
+1.767357e+003	   +5.003504e-001
+1.771351e+003	   +4.505204e-001
+1.775345e+003	   +4.016632e-001
+1.779339e+003	   +3.545609e-001
+1.783333e+003	   +3.102250e-001
+1.787327e+003	   +2.700303e-001
+1.791321e+003	   +2.363163e-001
+1.795315e+003	   +2.125069e-001
+1.799309e+003	   +2.020250e-001
+1.803303e+003	   +2.071427e-001
+1.807297e+003	   +2.267974e-001
+1.811291e+003	   +2.573773e-001
+1.815285e+003	   +2.956572e-001
+1.819279e+003	   +3.388309e-001
+1.823273e+003	   +3.850213e-001
+1.827267e+003	   +4.246644e-001
+1.831261e+003	   +4.828655e-001
+1.835255e+003	   +5.331340e-001
+1.839249e+003	   +5.739075e-001
+1.843243e+003	   +6.342608e-001
+1.847237e+003	   +6.846375e-001
+1.851231e+003	   +7.348347e-001
+1.855225e+003	   +7.848493e-001
+1.859219e+003	   +8.343616e-001
+1.863213e+003	   +8.830505e-001
+1.867207e+003	   +9.311997e-001
+1.871201e+003	   +9.783314e-001
+1.875195e+003	   +1.024839e+000
+1.879189e+003	   +1.070479e+000
+1.883183e+003	   +1.107257e+000
+1.887177e+003	   +1.158898e+000
+1.891171e+003	   +1.201410e+000
+1.895165e+003	   +1.235333e+000
+1.899159e+003	   +1.283569e+000
+1.903153e+003	   +1.322834e+000
+1.907147e+003	   +1.361081e+000
+1.911141e+003	   +1.397574e+000
+1.915135e+003	   +1.432979e+000
+1.919129e+003	   +1.466924e+000
+1.923123e+003	   +1.493204e+000
+1.927117e+003	   +1.530664e+000
+1.931111e+003	   +1.560262e+000
+1.935105e+003	   +1.588694e+000
+1.939099e+003	   +1.614976e+000
+1.943093e+003	   +1.640115e+000
+1.947087e+003	   +1.663788e+000
+1.951081e+003	   +1.685491e+000
+1.955075e+003	   +1.705921e+000
+1.959069e+003	   +1.724247e+000
+1.963063e+003	   +1.741210e+000
+1.967057e+003	   +1.756441e+000
+1.971051e+003	   +1.769965e+000
+1.975045e+003	   +1.781982e+000
+1.979039e+003	   +1.792045e+000
+1.983033e+003	   +1.800383e+000
+1.987027e+003	   +1.806749e+000
+1.991021e+003	   +1.811741e+000
+1.995015e+003	   +1.815494e+000
+1.999009e+003	   +1.816708e+000
+2.003003e+003	   +1.816242e+000
+2.006997e+003	   +1.813998e+000
+2.010991e+003	   +1.810071e+000
+2.014985e+003	   +1.804305e+000
+2.018979e+003	   +1.796645e+000
+2.022973e+003	   +1.789192e+000
+2.026967e+003	   +1.776680e+000
+2.030961e+003	   +1.763946e+000
+2.034955e+003	   +1.749417e+000
+2.038949e+003	   +1.736395e+000
+2.042943e+003	   +1.715700e+000
+2.046937e+003	   +1.696419e+000
+2.050931e+003	   +1.675240e+000
+2.054925e+003	   +1.652311e+000
+2.058919e+003	   +1.632583e+000
+2.062913e+003	   +1.607082e+000
+2.066907e+003	   +1.575113e+000
+2.070901e+003	   +1.545862e+000
+2.074895e+003	   +1.515568e+000
+2.078889e+003	   +1.483729e+000
+2.082883e+003	   +1.450479e+000
+2.086877e+003	   +1.415673e+000
+2.090871e+003	   +1.379959e+000
+2.094865e+003	   +1.349276e+000
+2.098859e+003	   +1.304020e+000
+2.102853e+003	   +1.263946e+000
+2.106847e+003	   +1.223258e+000
+2.110841e+003	   +1.180954e+000
+2.114835e+003	   +1.137724e+000
+2.118829e+003	   +1.093416e+000
+2.122823e+003	   +1.048528e+000
+2.126817e+003	   +1.002054e+000
+2.130811e+003	   +9.551027e-001
+2.134805e+003	   +9.074279e-001
+2.138799e+003	   +8.586301e-001
+2.142793e+003	   +8.187156e-001
+2.146787e+003	   +7.600806e-001
+2.150781e+003	   +7.098471e-001
+2.154775e+003	   +6.594633e-001
+2.158769e+003	   +6.088534e-001
+2.162763e+003	   +5.582240e-001
+2.166757e+003	   +5.078779e-001
+2.170751e+003	   +4.578451e-001
+2.174745e+003	   +4.087963e-001
+2.178739e+003	   +3.702240e-001
+2.182733e+003	   +3.247059e-001
+2.186727e+003	   +2.757345e-001
+2.190721e+003	   +2.408551e-001
+2.194715e+003	   +2.152397e-001
+2.198709e+003	   +2.026634e-001
+2.202703e+003	   +2.054990e-001
+2.206697e+003	   +2.230215e-001
+2.210691e+003	   +2.521684e-001
+2.214685e+003	   +2.896257e-001
+2.218679e+003	   +3.240870e-001
+2.222673e+003	   +3.780183e-001
+2.226667e+003	   +4.260651e-001
+2.230661e+003	   +4.754383e-001
+2.234655e+003	   +5.254868e-001
+2.238649e+003	   +5.760748e-001
+2.242643e+003	   +6.264948e-001
+2.246637e+003	   +6.770943e-001
+2.250631e+003	   +7.271853e-001
+2.254625e+003	   +7.773696e-001
+2.258619e+003	   +8.269187e-001
+2.262613e+003	   +8.756276e-001
+2.266607e+003	   +9.237007e-001
+2.270601e+003	   +9.711552e-001
+2.274594e+003	   +1.018021e+000
+2.278589e+003	   +1.063691e+000
+2.282583e+003	   +1.108516e+000
+2.286577e+003	   +1.144502e+000
+2.290571e+003	   +1.195334e+000
+2.294564e+003	   +1.236817e+000
+2.298559e+003	   +1.277627e+000
+2.302552e+003	   +1.316603e+000
+2.306547e+003	   +1.355100e+000
+2.310541e+003	   +1.392316e+000
+2.314534e+003	   +1.427467e+000
+2.318529e+003	   +1.461890e+000
+2.322522e+003	   +1.494543e+000
+2.326517e+003	   +1.525983e+000
+2.330510e+003	   +1.555926e+000
+2.334504e+003	   +1.584200e+000
+2.338499e+003	   +1.611116e+000
+2.342492e+003	   +1.636266e+000
+2.346487e+003	   +1.660346e+000
+2.350480e+003	   +1.682154e+000
+2.354474e+003	   +1.702617e+000
+2.358469e+003	   +1.718110e+000
+2.362462e+003	   +1.735207e+000
+2.366457e+003	   +1.754267e+000
+2.370450e+003	   +1.768346e+000
+2.374444e+003	   +1.780237e+000
+2.378438e+003	   +1.790590e+000
+2.382432e+003	   +1.799261e+000
+2.386427e+003	   +1.806094e+000
+2.390420e+003	   +1.811136e+000
+2.394414e+003	   +1.814435e+000
+2.398408e+003	   +1.816137e+000
+2.402402e+003	   +1.816392e+000
+2.406396e+003	   +1.814590e+000
+2.410390e+003	   +1.810710e+000
+2.414384e+003	   +1.805210e+000
+2.418378e+003	   +1.798149e+000
+2.422372e+003	   +1.789177e+000
+2.426366e+003	   +1.778410e+000
+2.430360e+003	   +1.768120e+000
+2.434354e+003	   +1.751784e+000
+2.438348e+003	   +1.736300e+000
+2.442342e+003	   +1.718413e+000
+2.446336e+003	   +1.699512e+000
+2.450330e+003	   +1.678406e+000
+2.454324e+003	   +1.655797e+000
+2.458318e+003	   +1.631889e+000
+2.462312e+003	   +1.606193e+000
+2.466306e+003	   +1.579451e+000
+2.470300e+003	   +1.550506e+000
+2.474294e+003	   +1.520121e+000
+2.478288e+003	   +1.488513e+000
+2.482282e+003	   +1.455616e+000
+2.486276e+003	   +1.421091e+000
+2.490270e+003	   +1.385477e+000
+2.494264e+003	   +1.348216e+000
+2.498258e+003	   +1.309679e+000
+2.502252e+003	   +1.270221e+000
+2.506246e+003	   +1.229142e+000
+2.510240e+003	   +1.187375e+000
+2.514234e+003	   +1.144323e+000
+2.518228e+003	   +1.100096e+000
+2.522222e+003	   +1.055386e+000
+2.526216e+003	   +1.008998e+000
+2.530210e+003	   +9.622344e-001
+2.534204e+003	   +9.146289e-001
+2.538198e+003	   +8.660166e-001
+2.542192e+003	   +8.170657e-001
+2.546186e+003	   +7.675094e-001
+2.550180e+003	   +7.174745e-001
+2.554174e+003	   +6.670890e-001
+2.558168e+003	   +6.262408e-001
+2.562162e+003	   +5.658171e-001
+2.566156e+003	   +5.151817e-001
+2.570150e+003	   +4.654188e-001
+2.574144e+003	   +4.161199e-001
+2.578138e+003	   +3.685332e-001
+2.582132e+003	   +3.231495e-001
+2.586126e+003	   +2.815310e-001
+2.590120e+003	   +2.455562e-001
+2.594114e+003	   +2.182704e-001
+2.598108e+003	   +2.036153e-001
+2.602102e+003	   +2.040175e-001
+2.606096e+003	   +2.195930e-001
+2.610090e+003	   +2.472757e-001
+2.614084e+003	   +2.835886e-001
+2.618078e+003	   +3.254295e-001
+2.622072e+003	   +3.709104e-001
+2.626066e+003	   +4.097971e-001
+2.630060e+003	   +4.678421e-001
+2.634054e+003	   +5.180200e-001
+2.638048e+003	   +5.588105e-001
+2.642042e+003	   +6.094527e-001
+2.646036e+003	   +6.598074e-001
+2.650030e+003	   +7.200849e-001
+2.654024e+003	   +7.697925e-001
+2.658018e+003	   +8.195333e-001
+2.662012e+003	   +8.684838e-001
+2.666006e+003	   +9.167989e-001
+2.670000e+003	   +9.643759e-001
+2.673994e+003	   +1.010819e+000
+2.677988e+003	   +1.056660e+000
+2.681982e+003	   +1.093494e+000
+2.685976e+003	   +1.145823e+000
+2.689970e+003	   +1.188809e+000
+2.693964e+003	   +1.230608e+000
+2.697958e+003	   +1.271826e+000
+2.701952e+003	   +1.311260e+000
+2.705946e+003	   +1.349463e+000
+2.709940e+003	   +1.379539e+000
+2.713934e+003	   +1.415371e+000
+2.717928e+003	   +1.456995e+000
+2.721922e+003	   +1.489886e+000
+2.725916e+003	   +1.521447e+000
+2.729910e+003	   +1.551385e+000
+2.733904e+003	   +1.580142e+000
+2.737898e+003	   +1.601887e+000
+2.741892e+003	   +1.627835e+000
+2.745886e+003	   +1.656685e+000
+2.749880e+003	   +1.679126e+000
+2.753874e+003	   +1.699777e+000
+2.757868e+003	   +1.718912e+000
+2.761862e+003	   +1.736288e+000
+2.765856e+003	   +1.752099e+000
+2.769850e+003	   +1.766360e+000
+2.773844e+003	   +1.776064e+000
+2.777838e+003	   +1.789601e+000
+2.781832e+003	   +1.796875e+000
+2.785826e+003	   +1.805332e+000
+2.789820e+003	   +1.810908e+000
+2.793814e+003	   +1.813797e+000
+2.797808e+003	   +1.816396e+000
+2.801802e+003	   +1.816564e+000
+2.805796e+003	   +1.814716e+000
+2.809790e+003	   +1.811459e+000
+2.813784e+003	   +1.806150e+000
+2.817778e+003	   +1.800748e+000
+2.821772e+003	   +1.790500e+000
+2.825766e+003	   +1.780116e+000
+2.829760e+003	   +1.767976e+000
+2.833754e+003	   +1.753975e+000
+2.837748e+003	   +1.738343e+000
+2.841742e+003	   +1.721062e+000
+2.845736e+003	   +1.702283e+000
+2.849730e+003	   +1.681610e+000
+2.853724e+003	   +1.659508e+000
+2.857718e+003	   +1.635582e+000
+2.861712e+003	   +1.610232e+000
+2.865706e+003	   +1.583302e+000
+2.869700e+003	   +1.554851e+000
+2.873694e+003	   +1.524812e+000
+2.877688e+003	   +1.493614e+000
+2.881682e+003	   +1.460442e+000
+2.885676e+003	   +1.426319e+000
+2.889670e+003	   +1.390561e+000
+2.893664e+003	   +1.353768e+000
+2.897658e+003	   +1.315292e+000
+2.901652e+003	   +1.276205e+000
+2.905646e+003	   +1.235286e+000
+2.909640e+003	   +1.193688e+000
+2.913634e+003	   +1.150661e+000
+2.917628e+003	   +1.106886e+000
+2.921622e+003	   +1.062093e+000
+2.925616e+003	   +1.016077e+000
+2.929610e+003	   +9.695026e-001
+2.933604e+003	   +9.216816e-001
+2.937598e+003	   +8.736472e-001
+2.941592e+003	   +8.247824e-001
+2.945586e+003	   +7.748451e-001
+2.949580e+003	   +7.250033e-001
+2.953573e+003	   +6.838043e-001
+2.957568e+003	   +6.240842e-001
+2.961562e+003	   +5.734407e-001
+2.965556e+003	   +5.229455e-001
+2.969550e+003	   +4.727492e-001
+2.973543e+003	   +4.235961e-001
+2.977538e+003	   +3.755795e-001
+2.981531e+003	   +3.385364e-001
+2.985526e+003	   +2.954046e-001
+2.989520e+003	   +2.504795e-001
+2.993513e+003	   +2.219598e-001
+2.997508e+003	   +2.049061e-001
+3.001501e+003	   +2.029361e-001
+3.005496e+003	   +2.162492e-001
+3.009490e+003	   +2.425051e-001
+3.013483e+003	   +2.776506e-001
+3.017478e+003	   +3.110270e-001
+3.021471e+003	   +3.639455e-001
+3.025466e+003	   +4.113917e-001
+3.029459e+003	   +4.603050e-001
+3.033453e+003	   +5.101761e-001
+3.037448e+003	   +5.606489e-001
+3.041441e+003	   +6.113802e-001
+3.045436e+003	   +6.618679e-001
+3.049429e+003	   +7.121809e-001
+3.053423e+003	   +7.624563e-001
+3.057417e+003	   +8.118626e-001
+3.061411e+003	   +8.520358e-001
+3.065406e+003	   +9.094021e-001
+3.069399e+003	   +9.569123e-001
+3.073393e+003	   +1.003837e+000
+3.077387e+003	   +1.049783e+000
+3.081381e+003	   +1.095092e+000
+3.085375e+003	   +1.139133e+000
+3.089369e+003	   +1.182528e+000
+3.093363e+003	   +1.224292e+000
+3.097357e+003	   +1.257715e+000
+3.101351e+003	   +1.305381e+000
+3.105345e+003	   +1.336495e+000
+3.109339e+003	   +1.381243e+000
+3.113333e+003	   +1.417147e+000
+3.117327e+003	   +1.451616e+000
+3.121321e+003	   +1.484813e+000
+3.125315e+003	   +1.516505e+000
+3.129309e+003	   +1.546670e+000
+3.133303e+003	   +1.576174e+000
+3.137297e+003	   +1.603192e+000
+3.141291e+003	   +1.628836e+000
+3.145285e+003	   +1.653062e+000
+3.149279e+003	   +1.675680e+000
+3.153273e+003	   +1.696715e+000
+3.157267e+003	   +1.715846e+000
+3.161261e+003	   +1.733806e+000
+3.165255e+003	   +1.749748e+000
+3.169249e+003	   +1.764081e+000
+3.173243e+003	   +1.776819e+000
+3.177237e+003	   +1.787696e+000
+3.181231e+003	   +1.796701e+000
+3.185225e+003	   +1.804196e+000
+3.189219e+003	   +1.809698e+000
+3.193213e+003	   +1.813673e+000
+3.197207e+003	   +1.815286e+000
+3.201201e+003	   +1.816209e+000
+3.205195e+003	   +1.814690e+000
+3.209189e+003	   +1.811514e+000
+3.213183e+003	   +1.806650e+000
+3.217177e+003	   +1.800257e+000
+3.221171e+003	   +1.791634e+000
+3.225165e+003	   +1.781786e+000
+3.229159e+003	   +1.769991e+000
+3.233153e+003	   +1.756376e+000
+3.237147e+003	   +1.740937e+000
+3.241141e+003	   +1.723707e+000
+3.245135e+003	   +1.705030e+000
+3.249129e+003	   +1.684791e+000
+3.253123e+003	   +1.662965e+000
+3.257117e+003	   +1.639151e+000
+3.261111e+003	   +1.614152e+000
+3.265105e+003	   +1.587593e+000
+3.269099e+003	   +1.559224e+000
+3.273093e+003	   +1.529535e+000
+3.277087e+003	   +1.504038e+000
+3.281081e+003	   +1.465723e+000
+3.285075e+003	   +1.431778e+000
+3.289069e+003	   +1.396423e+000
+3.293063e+003	   +1.359269e+000
+3.297057e+003	   +1.321386e+000
+3.301051e+003	   +1.282017e+000
+3.305045e+003	   +1.241610e+000
+3.309039e+003	   +1.200087e+000
+3.313033e+003	   +1.157284e+000
+3.317027e+003	   +1.113768e+000
+3.321021e+003	   +1.069119e+000
+3.325015e+003	   +1.022863e+000
+3.329009e+003	   +9.763166e-001
+3.333003e+003	   +9.288785e-001
+3.336997e+003	   +8.809854e-001
+3.340991e+003	   +8.320156e-001
+3.344985e+003	   +7.918461e-001
+3.348979e+003	   +7.326788e-001
+3.352973e+003	   +6.916271e-001
+3.356967e+003	   +6.317721e-001
+3.360961e+003	   +5.908486e-001
+3.364955e+003	   +5.400655e-001
+3.368949e+003	   +4.802470e-001
+3.372943e+003	   +4.309923e-001
+3.376937e+003	   +3.827916e-001
+3.380931e+003	   +3.366105e-001
+3.384925e+003	   +2.936201e-001
+3.388919e+003	   +2.557149e-001
+3.392913e+003	   +2.254642e-001
+3.396907e+003	   +2.064430e-001
+3.400901e+003	   +2.020979e-001
+3.404895e+003	   +2.133139e-001
+3.408889e+003	   +2.377709e-001
+3.412883e+003	   +2.717445e-001
+3.416877e+003	   +3.044510e-001
+3.420871e+003	   +3.568579e-001
+3.424865e+003	   +4.041007e-001
+3.428859e+003	   +4.527400e-001
+3.432853e+003	   +5.027905e-001
+3.436847e+003	   +5.530981e-001
+3.440841e+003	   +6.037369e-001
+3.444835e+003	   +6.543552e-001
+3.448829e+003	   +7.049111e-001
+3.452823e+003	   +7.548024e-001
+3.456817e+003	   +8.045934e-001
+3.460811e+003	   +8.537417e-001
+3.464805e+003	   +9.021965e-001
+3.468799e+003	   +9.500737e-001
+3.472793e+003	   +9.973348e-001
+3.476787e+003	   +1.043117e+000
+3.480781e+003	   +1.088168e+000
+3.484775e+003	   +1.132907e+000
+3.488769e+003	   +1.175916e+000
+3.492763e+003	   +1.210840e+000
+3.496757e+003	   +1.251807e+000
+3.500751e+003	   +1.292180e+000
+3.504745e+003	   +1.337896e+000
+3.508739e+003	   +1.368492e+000
+3.512733e+003	   +1.411650e+000
+3.516727e+003	   +1.446246e+000
+3.520721e+003	   +1.479684e+000
+3.524715e+003	   +1.511789e+000
+3.528709e+003	   +1.536612e+000
+3.532703e+003	   +1.571696e+000
+3.536697e+003	   +1.599372e+000
+3.540691e+003	   +1.625447e+000
+3.544685e+003	   +1.645473e+000
+3.548679e+003	   +1.672513e+000
+3.552673e+003	   +1.693529e+000
+3.556667e+003	   +1.713112e+000
+3.560661e+003	   +1.731146e+000
+3.564655e+003	   +1.747676e+000
+3.568649e+003	   +1.762125e+000
+3.572643e+003	   +1.775123e+000
+3.576637e+003	   +1.786207e+000
+3.580631e+003	   +1.794470e+000
+3.584625e+003	   +1.802579e+000
+3.588619e+003	   +1.809119e+000
+3.592613e+003	   +1.813407e+000
+3.596607e+003	   +1.815787e+000
+3.600601e+003	   +1.816243e+000
+3.604594e+003	   +1.815212e+000
+3.608589e+003	   +1.813738e+000
+3.612583e+003	   +1.807542e+000
+3.616577e+003	   +1.801145e+000
+3.620571e+003	   +1.793240e+000
+3.624564e+003	   +1.783145e+000
+3.628559e+003	   +1.771400e+000
+3.632552e+003	   +1.758038e+000
+3.636547e+003	   +1.743058e+000
+3.640541e+003	   +1.726449e+000
+3.644534e+003	   +1.707979e+000
+3.648529e+003	   +1.688047e+000
+3.652522e+003	   +1.665852e+000
+3.656517e+003	   +1.642712e+000
+3.660510e+003	   +1.617699e+000
+3.664504e+003	   +1.591585e+000
+3.668499e+003	   +1.563845e+000
+3.672492e+003	   +1.533251e+000
+3.676487e+003	   +1.502983e+000
+3.680480e+003	   +1.470551e+000
+3.684474e+003	   +1.436587e+000
+3.688469e+003	   +1.401717e+000
+3.692462e+003	   +1.364237e+000
+3.696457e+003	   +1.335085e+000
+3.700450e+003	   +1.287365e+000
+3.704444e+003	   +1.247330e+000
+3.708438e+003	   +1.205892e+000
+3.712432e+003	   +1.164356e+000
+3.716427e+003	   +1.119859e+000
+3.720420e+003	   +1.085166e+000
+3.724414e+003	   +1.028937e+000
+3.728408e+003	   +9.814192e-001
+3.732402e+003	   +9.346821e-001
+3.736396e+003	   +8.903334e-001
+3.740390e+003	   +8.385789e-001
+3.744384e+003	   +7.901614e-001
+3.748378e+003	   +7.400292e-001
+3.752372e+003	   +7.006383e-001
+3.756366e+003	   +6.478118e-001
+3.760360e+003	   +5.860139e-001
+3.764354e+003	   +5.383039e-001
+3.768348e+003	   +4.859461e-001
+3.772342e+003	   +4.385229e-001
+3.776336e+003	   +3.906313e-001
+3.780330e+003	   +3.429264e-001
+3.784324e+003	   +3.004079e-001
+3.788318e+003	   +2.597570e-001
+3.792312e+003	   +2.316362e-001
+3.796306e+003	   +2.076487e-001
+3.800300e+003	   +2.014677e-001
+3.804294e+003	   +2.106507e-001
+3.808288e+003	   +2.329571e-001
+3.812282e+003	   +2.568647e-001
+3.816276e+003	   +3.078911e-001
+3.820270e+003	   +3.370453e-001
+3.824264e+003	   +3.835872e-001
+3.828258e+003	   +4.397797e-001
+3.832252e+003	   +4.975167e-001
+3.836246e+003	   +5.425449e-001
+3.840240e+003	   +5.965085e-001
+3.844234e+003	   +6.479269e-001
+3.848228e+003	   +7.016354e-001
+3.852222e+003	   +7.488423e-001
+3.856216e+003	   +7.823164e-001
+3.860210e+003	   +8.402615e-001
+3.864204e+003	   +9.141378e-001
+3.868198e+003	   +9.349855e-001
+3.872192e+003	   +9.883820e-001
+3.876186e+003	   +1.046619e+000
+3.880180e+003	   +1.105639e+000
+3.884174e+003	   +1.102694e+000
+3.888168e+003	   +1.126459e+000
+3.892162e+003	   +1.170452e+000
+3.896156e+003	   +1.288249e+000
+3.900150e+003	   +1.271595e+000
+3.904144e+003	   +1.324080e+000
+3.908138e+003	   +1.373172e+000
+3.912132e+003	   +1.428839e+000
+3.916126e+003	   +1.444826e+000
+3.920120e+003	   +1.393003e+000
+3.924114e+003	   +1.449750e+000
+3.928108e+003	   +1.615996e+000
+3.932102e+003	   +1.524729e+000
+3.936096e+003	   +1.591538e+000
+3.940090e+003	   +1.665149e+000
+3.944084e+003	   +1.616175e+000
+3.948078e+003	   +1.785347e+000
+3.952072e+003	   +1.663307e+000
+3.956066e+003	   +1.647431e+000
+3.960060e+003	   +1.663927e+000
+3.964054e+003	   +1.744620e+000
+3.968048e+003	   +1.768037e+000
+3.972042e+003	   +1.731326e+000
+3.976036e+003	   +1.923440e+000
+3.980030e+003	   +1.602074e+000
+3.984024e+003	   +1.719333e+000
+3.988018e+003	   +1.694785e+000
+3.992012e+003	   +2.393944e+000
+3.996006e+003	   +1.795122e+000
+4.000000e+003	   +1.815627e+000
