+1.000000e+001	   -4.013658e+000
+1.399399e+001	   -5.604236e+000
+1.798799e+001	   -7.197223e+000
+2.198198e+001	   -8.787878e+000
+2.597598e+001	   -1.037566e+001
+2.996997e+001	   -1.196333e+001
+3.396396e+001	   -1.355008e+001
+3.795796e+001	   -1.512884e+001
+4.195195e+001	   -1.670856e+001
+4.594595e+001	   -1.828102e+001
+4.993994e+001	   -1.984290e+001
+5.393393e+001	   -2.141217e+001
+5.792793e+001	   -2.296209e+001
+6.192192e+001	   -2.451047e+001
+6.591592e+001	   -2.604310e+001
+6.990991e+001	   -2.757149e+001
+7.390390e+001	   -2.910222e+001
+7.789790e+001	   -3.059706e+001
+8.189189e+001	   -3.210083e+001
+8.588589e+001	   -3.356704e+001
+8.987988e+001	   -3.504360e+001
+9.387387e+001	   -3.647968e+001
+9.786787e+001	   -3.790819e+001
+1.018619e+002	   -3.931249e+001
+1.058559e+002	   -4.068184e+001
+1.098499e+002	   -4.202987e+001
+1.138438e+002	   -4.325480e+001
+1.178378e+002	   -4.453443e+001
+1.218318e+002	   -4.585631e+001
+1.258258e+002	   -4.704517e+001
+1.298198e+002	   -4.817703e+001
+1.338138e+002	   -4.921864e+001
+1.378078e+002	   -5.021196e+001
+1.418018e+002	   -5.107738e+001
+1.457958e+002	   -5.181547e+001
+1.497898e+002	   -5.244008e+001
+1.537838e+002	   -5.291463e+001
+1.577778e+002	   -5.313103e+001
+1.617718e+002	   -5.304950e+001
+1.657658e+002	   -5.265592e+001
+1.697598e+002	   -5.175012e+001
+1.737538e+002	   -5.018858e+001
+1.777477e+002	   -4.784075e+001
+1.817417e+002	   -4.422123e+001
+1.857357e+002	   -3.893848e+001
+1.897297e+002	   -3.140766e+001
+1.937237e+002	   -2.115869e+001
+1.977177e+002	   -8.127910e+000
+2.017117e+002	   +6.087683e+000
+2.057057e+002	   +1.943805e+001
+2.096997e+002	   +3.010749e+001
+2.136937e+002	   +3.807241e+001
+2.176877e+002	   +4.352457e+001
+2.216817e+002	   +4.707700e+001
+2.256757e+002	   +4.989678e+001
+2.296697e+002	   +5.148889e+001
+2.336637e+002	   +5.253986e+001
+2.376577e+002	   +5.301583e+001
+2.416517e+002	   +5.311591e+001
+2.456456e+002	   +5.294603e+001
+2.496396e+002	   +5.253649e+001
+2.536336e+002	   +5.185720e+001
+2.576276e+002	   +5.119870e+001
+2.616216e+002	   +5.035091e+001
+2.656156e+002	   +4.938200e+001
+2.696096e+002	   +4.833727e+001
+2.736036e+002	   +4.721936e+001
+2.775976e+002	   +4.610312e+001
+2.815916e+002	   +4.480391e+001
+2.855856e+002	   +4.353419e+001
+2.895796e+002	   +4.222093e+001
+2.935736e+002	   +4.089395e+001
+2.975676e+002	   +3.951443e+001
+3.015616e+002	   +3.811713e+001
+3.055555e+002	   +3.668294e+001
+3.095496e+002	   +3.523495e+001
+3.135435e+002	   +3.350248e+001
+3.175375e+002	   +3.229504e+001
+3.215315e+002	   +3.096425e+001
+3.255255e+002	   +2.929911e+001
+3.295195e+002	   +2.778373e+001
+3.335135e+002	   +2.625805e+001
+3.375075e+002	   +2.471953e+001
+3.415015e+002	   +2.331643e+001
+3.454955e+002	   +2.177636e+001
+3.494895e+002	   +2.006616e+001
+3.534835e+002	   +1.863893e+001
+3.574775e+002	   +1.693183e+001
+3.614715e+002	   +1.534609e+001
+3.654655e+002	   +1.376683e+001
+3.694595e+002	   +1.218746e+001
+3.734535e+002	   +1.059967e+001
+3.774474e+002	   +9.007249e+000
+3.814414e+002	   +7.414484e+000
+3.854354e+002	   +6.013228e+000
+3.894294e+002	   +4.231636e+000
+3.934234e+002	   +2.628198e+000
+3.974174e+002	   +1.034742e+000
+4.014114e+002	   -5.618627e-001
+4.054054e+002	   -2.170205e+000
+4.093994e+002	   -3.752831e+000
+4.133934e+002	   -5.355494e+000
+4.173874e+002	   -6.953913e+000
+4.213814e+002	   -8.325595e+000
+4.253754e+002	   -1.012739e+001
+4.293694e+002	   -1.171449e+001
+4.333634e+002	   -1.331392e+001
+4.373574e+002	   -1.488822e+001
+4.413513e+002	   -1.646670e+001
+4.453453e+002	   -1.804320e+001
+4.493393e+002	   -1.960487e+001
+4.533333e+002	   -2.116564e+001
+4.573273e+002	   -2.272639e+001
+4.613213e+002	   -2.427626e+001
+4.653153e+002	   -2.556610e+001
+4.693093e+002	   -2.734424e+001
+4.733033e+002	   -2.865989e+001
+4.772973e+002	   -3.036455e+001
+4.812913e+002	   -3.186108e+001
+4.852853e+002	   -3.334901e+001
+4.892793e+002	   -3.481184e+001
+4.932733e+002	   -3.626131e+001
+4.972673e+002	   -3.769146e+001
+5.012613e+002	   -3.892392e+001
+5.052552e+002	   -4.047814e+001
+5.092492e+002	   -4.163406e+001
+5.132432e+002	   -4.316068e+001
+5.172372e+002	   -4.443724e+001
+5.212312e+002	   -4.553131e+001
+5.252252e+002	   -4.686490e+001
+5.292192e+002	   -4.800339e+001
+5.332132e+002	   -4.906677e+001
+5.372072e+002	   -4.991663e+001
+5.412012e+002	   -5.092956e+001
+5.451952e+002	   -5.155407e+001
+5.491892e+002	   -5.236241e+001
+5.531832e+002	   -5.285603e+001
+5.571772e+002	   -5.300134e+001
+5.611711e+002	   -5.308744e+001
+5.651652e+002	   -5.272197e+001
+5.691592e+002	   -5.189038e+001
+5.731531e+002	   -5.048759e+001
+5.771472e+002	   -4.815752e+001
+5.811411e+002	   -4.480840e+001
+5.851351e+002	   -3.985756e+001
+5.891292e+002	   -3.273593e+001
+5.931231e+002	   -2.287300e+001
+5.971171e+002	   -1.260771e+001
+6.011111e+002	   +3.924811e+000
+6.051051e+002	   +1.754142e+001
+6.090991e+002	   +2.675652e+001
+6.130931e+002	   +3.555574e+001
+6.170871e+002	   +4.283876e+001
+6.210811e+002	   +4.688214e+001
+6.250751e+002	   +4.959616e+001
+6.290691e+002	   +5.133116e+001
+6.330630e+002	   +5.243417e+001
+6.370571e+002	   +5.296299e+001
+6.410510e+002	   +5.313363e+001
+6.450450e+002	   +5.299007e+001
+6.490391e+002	   +5.259425e+001
+6.530330e+002	   +5.203529e+001
+6.570270e+002	   +5.132243e+001
+6.610210e+002	   +5.048099e+001
+6.650150e+002	   +4.952365e+001
+6.690090e+002	   +4.848874e+001
+6.730030e+002	   +4.738765e+001
+6.769970e+002	   +4.620772e+001
+6.809910e+002	   +4.526509e+001
+6.849850e+002	   +4.373121e+001
+6.889790e+002	   +4.242560e+001
+6.929730e+002	   +4.107161e+001
+6.969670e+002	   +3.971118e+001
+7.009609e+002	   +3.832807e+001
+7.049550e+002	   +3.689709e+001
+7.089490e+002	   +3.546550e+001
+7.129429e+002	   +3.423286e+001
+7.169370e+002	   +3.252040e+001
+7.209309e+002	   +3.132891e+001
+7.249249e+002	   +2.953717e+001
+7.289189e+002	   +2.801983e+001
+7.329129e+002	   +2.649258e+001
+7.369069e+002	   +2.495431e+001
+7.409009e+002	   +2.340531e+001
+7.448949e+002	   +2.216041e+001
+7.488889e+002	   +2.029655e+001
+7.528829e+002	   +1.872858e+001
+7.568769e+002	   +1.716112e+001
+7.608708e+002	   +1.559117e+001
+7.648649e+002	   +1.429273e+001
+7.688589e+002	   +1.242494e+001
+7.728528e+002	   +1.084062e+001
+7.768469e+002	   +9.245629e+000
+7.808408e+002	   +7.660312e+000
+7.848348e+002	   +6.057918e+000
+7.888289e+002	   +4.471791e+000
+7.928228e+002	   +3.167079e+000
+7.968168e+002	   +1.271456e+000
+8.008108e+002	   -3.231747e-001
+8.048048e+002	   -1.927348e+000
+8.087988e+002	   -3.228713e+000
+8.127928e+002	   -5.110185e+000
+8.167868e+002	   -6.711228e+000
+8.207808e+002	   -8.291491e+000
+8.247748e+002	   -9.897267e+000
+8.287688e+002	   -1.117928e+001
+8.327628e+002	   -1.307179e+001
+8.367568e+002	   -1.465682e+001
+8.407507e+002	   -1.622079e+001
+8.447448e+002	   -1.780115e+001
+8.487387e+002	   -1.937025e+001
+8.527327e+002	   -2.094163e+001
+8.567267e+002	   -2.248907e+001
+8.607207e+002	   -2.403981e+001
+8.647147e+002	   -2.558015e+001
+8.687087e+002	   -2.711244e+001
+8.727027e+002	   -2.836030e+001
+8.766967e+002	   -3.013562e+001
+8.806907e+002	   -3.165023e+001
+8.846847e+002	   -3.313422e+001
+8.886786e+002	   -3.428102e+001
+8.926727e+002	   -3.605379e+001
+8.966667e+002	   -3.748278e+001
+9.006606e+002	   -3.888816e+001
+9.046547e+002	   -4.027533e+001
+9.086486e+002	   -4.136846e+001
+9.126426e+002	   -4.269244e+001
+9.166367e+002	   -4.425797e+001
+9.206306e+002	   -4.550631e+001
+9.246246e+002	   -4.670283e+001
+9.286186e+002	   -4.785169e+001
+9.326126e+002	   -4.891296e+001
+9.366066e+002	   -4.990514e+001
+9.406006e+002	   -5.083991e+001
+9.445946e+002	   -5.162740e+001
+9.485886e+002	   -5.228834e+001
+9.525826e+002	   -5.278210e+001
+9.565766e+002	   -5.307409e+001
+9.605706e+002	   -5.309679e+001
+9.645646e+002	   -5.278947e+001
+9.685585e+002	   -5.205948e+001
+9.725526e+002	   -5.074982e+001
+9.765466e+002	   -4.910347e+001
+9.805405e+002	   -4.543483e+001
+9.845345e+002	   -4.070963e+001
+9.885285e+002	   -3.398570e+001
+9.925225e+002	   -2.450722e+001
+9.965165e+002	   -1.227529e+001
+1.000510e+003	   +1.839327e+000
+1.004505e+003	   +1.562981e+001
+1.008498e+003	   +2.518389e+001
+1.012492e+003	   +3.590614e+001
+1.016487e+003	   +4.099758e+001
+1.020480e+003	   +4.564533e+001
+1.024474e+003	   +4.927043e+001
+1.028469e+003	   +5.113424e+001
+1.032462e+003	   +5.230305e+001
+1.036456e+003	   +5.291677e+001
+1.040450e+003	   +5.311487e+001
+1.044444e+003	   +5.301484e+001
+1.048438e+003	   +5.266620e+001
+1.052432e+003	   +5.211972e+001
+1.056426e+003	   +5.143636e+001
+1.060420e+003	   +5.075334e+001
+1.064414e+003	   +4.965189e+001
+1.068408e+003	   +4.863117e+001
+1.072402e+003	   +4.756034e+001
+1.076396e+003	   +4.639655e+001
+1.080390e+003	   +4.518118e+001
+1.084384e+003	   +4.391796e+001
+1.088378e+003	   +4.263062e+001
+1.092372e+003	   +4.128623e+001
+1.096366e+003	   +3.992647e+001
+1.100360e+003	   +3.852617e+001
+1.104354e+003	   +3.711271e+001
+1.108348e+003	   +3.566995e+001
+1.112342e+003	   +3.422627e+001
+1.116336e+003	   +3.275146e+001
+1.120330e+003	   +3.150768e+001
+1.124324e+003	   +3.001060e+001
+1.128318e+003	   +2.824425e+001
+1.132312e+003	   +2.699818e+001
+1.136306e+003	   +2.518187e+001
+1.140300e+003	   +2.364183e+001
+1.144294e+003	   +2.209390e+001
+1.148288e+003	   +2.053723e+001
+1.152282e+003	   +1.896715e+001
+1.156276e+003	   +1.739522e+001
+1.160270e+003	   +1.582384e+001
+1.164264e+003	   +1.452760e+001
+1.168258e+003	   +1.265827e+001
+1.172252e+003	   +1.107314e+001
+1.176246e+003	   +9.765976e+000
+1.180240e+003	   +8.189885e+000
+1.184234e+003	   +6.297684e+000
+1.188228e+003	   +4.704389e+000
+1.192222e+003	   +3.107548e+000
+1.196216e+003	   +1.516921e+000
+1.200210e+003	   +2.174284e-001
+1.204204e+003	   -1.682785e+000
+1.208198e+003	   -3.280548e+000
+1.212192e+003	   -4.878474e+000
+1.216186e+003	   -6.471496e+000
+1.220180e+003	   -8.058814e+000
+1.224174e+003	   -9.650793e+000
+1.228168e+003	   -1.124434e+001
+1.232162e+003	   -1.283346e+001
+1.236156e+003	   -1.441536e+001
+1.240150e+003	   -1.598806e+001
+1.244144e+003	   -1.756713e+001
+1.248138e+003	   -1.913438e+001
+1.252132e+003	   -2.069776e+001
+1.256126e+003	   -2.225294e+001
+1.260120e+003	   -2.380377e+001
+1.264114e+003	   -2.535573e+001
+1.268108e+003	   -2.688450e+001
+1.272102e+003	   -2.813374e+001
+1.276096e+003	   -2.991907e+001
+1.280090e+003	   -3.141966e+001
+1.284084e+003	   -3.262323e+001
+1.288078e+003	   -3.436860e+001
+1.292072e+003	   -3.556938e+001
+1.296066e+003	   -3.727661e+001
+1.300060e+003	   -3.868854e+001
+1.304054e+003	   -4.007431e+001
+1.308048e+003	   -4.143768e+001
+1.312042e+003	   -4.277078e+001
+1.316036e+003	   -4.406171e+001
+1.320030e+003	   -4.530784e+001
+1.324024e+003	   -4.651846e+001
+1.328018e+003	   -4.768422e+001
+1.332012e+003	   -4.856542e+001
+1.336006e+003	   -4.958938e+001
+1.340000e+003	   -5.068550e+001
+1.343994e+003	   -5.151128e+001
+1.347988e+003	   -5.219392e+001
+1.351982e+003	   -5.271330e+001
+1.355976e+003	   -5.303755e+001
+1.359970e+003	   -5.310567e+001
+1.363964e+003	   -5.288251e+001
+1.367958e+003	   -5.221005e+001
+1.371952e+003	   -5.098899e+001
+1.375946e+003	   -4.900608e+001
+1.379940e+003	   -4.598785e+001
+1.383934e+003	   -4.156141e+001
+1.387928e+003	   -3.512983e+001
+1.391922e+003	   -2.615171e+001
+1.395916e+003	   -1.428031e+001
+1.399910e+003	   -3.198824e-001
+1.403904e+003	   +1.366693e+001
+1.407898e+003	   +2.560618e+001
+1.411892e+003	   +3.477508e+001
+1.415886e+003	   +4.128484e+001
+1.419880e+003	   +4.583506e+001
+1.423874e+003	   +4.891010e+001
+1.427868e+003	   +5.060172e+001
+1.431862e+003	   +5.216508e+001
+1.435856e+003	   +5.269860e+001
+1.439850e+003	   +5.305355e+001
+1.443844e+003	   +5.304602e+001
+1.447838e+003	   +5.272435e+001
+1.451832e+003	   +5.221422e+001
+1.455826e+003	   +5.154461e+001
+1.459820e+003	   +5.088988e+001
+1.463814e+003	   +4.980785e+001
+1.467808e+003	   +4.881067e+001
+1.471802e+003	   +4.772223e+001
+1.475796e+003	   +4.657446e+001
+1.479790e+003	   +4.536150e+001
+1.483784e+003	   +4.411555e+001
+1.487778e+003	   +4.282026e+001
+1.491772e+003	   +4.149476e+001
+1.495766e+003	   +4.039469e+001
+1.499760e+003	   +3.874178e+001
+1.503754e+003	   +3.733159e+001
+1.507748e+003	   +3.589685e+001
+1.511742e+003	   +3.470345e+001
+1.515736e+003	   +3.296902e+001
+1.519730e+003	   +3.147795e+001
+1.523724e+003	   +3.026712e+001
+1.527718e+003	   +2.847373e+001
+1.531712e+003	   +2.694539e+001
+1.535706e+003	   +2.541700e+001
+1.539700e+003	   +2.413966e+001
+1.543694e+003	   +2.232217e+001
+1.547688e+003	   +2.077081e+001
+1.551682e+003	   +1.919996e+001
+1.555676e+003	   +1.763740e+001
+1.559670e+003	   +1.606208e+001
+1.563664e+003	   +1.448195e+001
+1.567658e+003	   +1.317893e+001
+1.571652e+003	   +1.160198e+001
+1.575646e+003	   +9.725688e+000
+1.579640e+003	   +8.126723e+000
+1.583634e+003	   +6.539502e+000
+1.587628e+003	   +4.943446e+000
+1.591622e+003	   +3.342862e+000
+1.595616e+003	   +1.749274e+000
+1.599610e+003	   +1.519933e-001
+1.603604e+003	   -1.445367e+000
+1.607598e+003	   -3.035546e+000
+1.611592e+003	   -4.627867e+000
+1.615586e+003	   -6.229701e+000
+1.619580e+003	   -7.829257e+000
+1.623574e+003	   -9.416484e+000
+1.627568e+003	   -1.101117e+001
+1.631562e+003	   -1.258957e+001
+1.635556e+003	   -1.417252e+001
+1.639550e+003	   -1.576126e+001
+1.643544e+003	   -1.703444e+001
+1.647538e+003	   -1.889793e+001
+1.651531e+003	   -2.046699e+001
+1.655526e+003	   -2.202124e+001
+1.659520e+003	   -2.357383e+001
+1.663514e+003	   -2.512440e+001
+1.667508e+003	   -2.665298e+001
+1.671501e+003	   -2.816576e+001
+1.675495e+003	   -2.969540e+001
+1.679490e+003	   -3.120168e+001
+1.683484e+003	   -3.268122e+001
+1.687477e+003	   -3.416185e+001
+1.691471e+003	   -3.561036e+001
+1.695465e+003	   -3.705395e+001
+1.699459e+003	   -3.847411e+001
+1.703453e+003	   -3.958330e+001
+1.707447e+003	   -4.123097e+001
+1.711441e+003	   -4.257577e+001
+1.715435e+003	   -4.359443e+001
+1.719429e+003	   -4.512504e+001
+1.723423e+003	   -4.634334e+001
+1.727417e+003	   -4.751340e+001
+1.731411e+003	   -4.861889e+001
+1.735405e+003	   -4.962533e+001
+1.739399e+003	   -5.036403e+001
+1.743393e+003	   -5.140290e+001
+1.747387e+003	   -5.210085e+001
+1.751381e+003	   -5.265906e+001
+1.755375e+003	   -5.299942e+001
+1.759369e+003	   -5.312560e+001
+1.763363e+003	   -5.293802e+001
+1.767357e+003	   -5.233863e+001
+1.771351e+003	   -5.119346e+001
+1.775345e+003	   -4.937477e+001
+1.779339e+003	   -4.713516e+001
+1.783333e+003	   -4.233225e+001
+1.787327e+003	   -3.624566e+001
+1.791321e+003	   -2.766889e+001
+1.795315e+003	   -1.623984e+001
+1.799309e+003	   -2.520562e+000
+1.803303e+003	   +1.163789e+001
+1.807297e+003	   +2.400321e+001
+1.811291e+003	   +3.356535e+001
+1.815285e+003	   +4.045488e+001
+1.819279e+003	   +4.523402e+001
+1.823273e+003	   +4.851181e+001
+1.827267e+003	   +5.065644e+001
+1.831261e+003	   +5.201475e+001
+1.835255e+003	   +5.274502e+001
+1.839249e+003	   +5.309363e+001
+1.843243e+003	   +5.309409e+001
+1.847237e+003	   +5.278981e+001
+1.851231e+003	   +5.229962e+001
+1.855225e+003	   +5.165921e+001
+1.859219e+003	   +5.086837e+001
+1.863213e+003	   +4.996064e+001
+1.867207e+003	   +4.895619e+001
+1.871201e+003	   +4.789143e+001
+1.875195e+003	   +4.674821e+001
+1.879189e+003	   +4.575354e+001
+1.883183e+003	   +4.430354e+001
+1.887177e+003	   +4.300851e+001
+1.891171e+003	   +4.168534e+001
+1.895165e+003	   +4.033637e+001
+1.899159e+003	   +3.895789e+001
+1.903153e+003	   +3.754123e+001
+1.907147e+003	   +3.637043e+001
+1.911141e+003	   +3.465694e+001
+1.915135e+003	   +3.344283e+001
+1.919129e+003	   +3.170392e+001
+1.923123e+003	   +3.048171e+001
+1.927117e+003	   +2.869230e+001
+1.931111e+003	   +2.716795e+001
+1.935105e+003	   +2.563980e+001
+1.939099e+003	   +2.411157e+001
+1.943093e+003	   +2.255927e+001
+1.947087e+003	   +2.099803e+001
+1.951081e+003	   +1.943828e+001
+1.955075e+003	   +1.787114e+001
+1.959069e+003	   +1.629893e+001
+1.963063e+003	   +1.471916e+001
+1.967057e+003	   +1.313783e+001
+1.971051e+003	   +1.155025e+001
+1.975045e+003	   +9.961549e+000
+1.979039e+003	   +8.370968e+000
+1.983033e+003	   +6.780980e+000
+1.987027e+003	   +5.184577e+000
+1.991021e+003	   +3.590894e+000
+1.995015e+003	   +1.986654e+000
+1.999009e+003	   +3.923647e-001
+2.003003e+003	   -1.204808e+000
+2.006997e+003	   -2.803794e+000
+2.010991e+003	   -4.396554e+000
+2.014985e+003	   -5.986342e+000
+2.018979e+003	   -7.590369e+000
+2.022973e+003	   -9.186080e+000
+2.026967e+003	   -1.076563e+001
+2.030961e+003	   -1.235493e+001
+2.034955e+003	   -1.393687e+001
+2.038949e+003	   -1.522506e+001
+2.042943e+003	   -1.679379e+001
+2.046937e+003	   -1.867061e+001
+2.050931e+003	   -1.994815e+001
+2.054925e+003	   -2.178904e+001
+2.058919e+003	   -2.335581e+001
+2.062913e+003	   -2.489196e+001
+2.066907e+003	   -2.642632e+001
+2.070901e+003	   -2.794835e+001
+2.074895e+003	   -2.946560e+001
+2.078889e+003	   -3.096531e+001
+2.082883e+003	   -3.245338e+001
+2.086877e+003	   -3.393979e+001
+2.090871e+003	   -3.540317e+001
+2.094865e+003	   -3.683780e+001
+2.098859e+003	   -3.826020e+001
+2.102853e+003	   -3.965857e+001
+2.106847e+003	   -4.102456e+001
+2.110841e+003	   -4.237075e+001
+2.114835e+003	   -4.368171e+001
+2.118829e+003	   -4.494372e+001
+2.122823e+003	   -4.617247e+001
+2.126817e+003	   -4.732653e+001
+2.130811e+003	   -4.844602e+001
+2.134805e+003	   -4.948714e+001
+2.138799e+003	   -5.044141e+001
+2.142793e+003	   -5.126683e+001
+2.146787e+003	   -5.186081e+001
+2.150781e+003	   -5.257977e+001
+2.154775e+003	   -5.297080e+001
+2.158769e+003	   -5.309491e+001
+2.162763e+003	   -5.299557e+001
+2.166757e+003	   -5.246257e+001
+2.170751e+003	   -5.140773e+001
+2.174745e+003	   -4.969094e+001
+2.178739e+003	   -4.703968e+001
+2.182733e+003	   -4.307392e+001
+2.186727e+003	   -3.729157e+001
+2.190721e+003	   -2.913474e+001
+2.194715e+003	   -1.812917e+001
+2.198709e+003	   -4.643430e+000
+2.202703e+003	   +9.567092e+000
+2.206697e+003	   +2.229036e+001
+2.210691e+003	   +3.231176e+001
+2.214685e+003	   +3.832233e+001
+2.218679e+003	   +4.464103e+001
+2.222673e+003	   +4.810172e+001
+2.226667e+003	   +5.039146e+001
+2.230661e+003	   +5.184953e+001
+2.234655e+003	   +5.254751e+001
+2.238649e+003	   +5.306232e+001
+2.242643e+003	   +5.308073e+001
+2.246637e+003	   +5.285622e+001
+2.250631e+003	   +5.238943e+001
+2.254625e+003	   +5.175461e+001
+2.258619e+003	   +5.098325e+001
+2.262613e+003	   +5.027190e+001
+2.266607e+003	   +4.911694e+001
+2.270601e+003	   +4.805064e+001
+2.274594e+003	   +4.691429e+001
+2.278589e+003	   +4.573731e+001
+2.282583e+003	   +4.450206e+001
+2.286577e+003	   +4.321700e+001
+2.290571e+003	   +4.188929e+001
+2.294564e+003	   +4.053458e+001
+2.298559e+003	   +3.915604e+001
+2.302552e+003	   +3.774760e+001
+2.306547e+003	   +3.633463e+001
+2.310541e+003	   +3.487629e+001
+2.314534e+003	   +3.341260e+001
+2.318529e+003	   +3.220691e+001
+2.322522e+003	   +3.043622e+001
+2.326517e+003	   +2.892956e+001
+2.330510e+003	   +2.768233e+001
+2.334504e+003	   +2.587749e+001
+2.338499e+003	   +2.433346e+001
+2.342492e+003	   +2.307538e+001
+2.346487e+003	   +2.123166e+001
+2.350480e+003	   +1.967453e+001
+2.354474e+003	   +1.839899e+001
+2.358469e+003	   +1.653395e+001
+2.362462e+003	   +1.495405e+001
+2.366457e+003	   +1.337446e+001
+2.370450e+003	   +1.178489e+001
+2.374444e+003	   +1.020262e+001
+2.378438e+003	   +8.606182e+000
+2.382432e+003	   +7.014982e+000
+2.386427e+003	   +5.423308e+000
+2.390420e+003	   +3.824413e+000
+2.394414e+003	   +2.234714e+000
+2.398408e+003	   +6.336495e-001
+2.402402e+003	   -9.578203e-001
+2.406396e+003	   -2.558170e+000
+2.410390e+003	   -4.161137e+000
+2.414384e+003	   -5.751864e+000
+2.418378e+003	   -7.352208e+000
+2.422372e+003	   -8.944343e+000
+2.426366e+003	   -1.053154e+001
+2.430360e+003	   -1.211457e+001
+2.434354e+003	   -1.370234e+001
+2.438348e+003	   -1.528484e+001
+2.442342e+003	   -1.686729e+001
+2.446336e+003	   -1.843221e+001
+2.450330e+003	   -2.000151e+001
+2.454324e+003	   -2.126727e+001
+2.458318e+003	   -2.281841e+001
+2.462312e+003	   -2.466011e+001
+2.466306e+003	   -2.620146e+001
+2.470300e+003	   -2.772026e+001
+2.474294e+003	   -2.924222e+001
+2.478288e+003	   -3.075075e+001
+2.482282e+003	   -3.223797e+001
+2.486276e+003	   -3.371803e+001
+2.490270e+003	   -3.487969e+001
+2.494264e+003	   -3.634253e+001
+2.498258e+003	   -3.805435e+001
+2.502252e+003	   -3.945592e+001
+2.506246e+003	   -4.082673e+001
+2.510240e+003	   -4.216025e+001
+2.514234e+003	   -4.348045e+001
+2.518228e+003	   -4.450259e+001
+2.522222e+003	   -4.599150e+001
+2.526216e+003	   -4.716920e+001
+2.530210e+003	   -4.828355e+001
+2.534204e+003	   -4.911071e+001
+2.538198e+003	   -5.029640e+001
+2.542192e+003	   -5.116721e+001
+2.546186e+003	   -5.190559e+001
+2.550180e+003	   -5.249965e+001
+2.554174e+003	   -5.294143e+001
+2.558168e+003	   -5.313036e+001
+2.562162e+003	   -5.302345e+001
+2.566156e+003	   -5.263627e+001
+2.570150e+003	   -5.161908e+001
+2.574144e+003	   -5.001649e+001
+2.578138e+003	   -4.751922e+001
+2.582132e+003	   -4.376741e+001
+2.586126e+003	   -3.946092e+001
+2.590120e+003	   -3.053265e+001
+2.594114e+003	   -1.998334e+001
+2.598108e+003	   -6.807946e+000
+2.602102e+003	   +7.491034e+000
+2.606096e+003	   +2.055309e+001
+2.610090e+003	   +3.098998e+001
+2.614084e+003	   +3.865557e+001
+2.618078e+003	   +4.399992e+001
+2.622072e+003	   +4.765438e+001
+2.626066e+003	   +5.011610e+001
+2.630060e+003	   +5.166483e+001
+2.634054e+003	   +5.258550e+001
+2.638048e+003	   +5.304847e+001
+2.642042e+003	   +5.309628e+001
+2.646036e+003	   +5.290467e+001
+2.650030e+003	   +5.246609e+001
+2.654024e+003	   +5.186692e+001
+2.658018e+003	   +5.110660e+001
+2.662012e+003	   +5.024217e+001
+2.666006e+003	   +4.926441e+001
+2.670000e+003	   +4.821982e+001
+2.673994e+003	   +4.709138e+001
+2.677988e+003	   +4.591933e+001
+2.681982e+003	   +4.467805e+001
+2.685976e+003	   +4.341145e+001
+2.689970e+003	   +4.208472e+001
+2.693964e+003	   +4.098870e+001
+2.697958e+003	   +3.937408e+001
+2.701952e+003	   +3.796552e+001
+2.705946e+003	   +3.655116e+001
+2.709940e+003	   +3.535347e+001
+2.713934e+003	   +3.363948e+001
+2.717928e+003	   +3.214938e+001
+2.721922e+003	   +3.065296e+001
+2.725916e+003	   +2.915034e+001
+2.729910e+003	   +2.763523e+001
+2.733904e+003	   +2.610814e+001
+2.737898e+003	   +2.456261e+001
+2.741892e+003	   +2.302125e+001
+2.745886e+003	   +2.146859e+001
+2.749880e+003	   +1.991051e+001
+2.753874e+003	   +1.833731e+001
+2.757868e+003	   +1.676599e+001
+2.761862e+003	   +1.519824e+001
+2.765856e+003	   +1.361251e+001
+2.769850e+003	   +1.202647e+001
+2.773844e+003	   +1.044304e+001
+2.777838e+003	   +8.846449e+000
+2.781832e+003	   +7.252976e+000
+2.785826e+003	   +5.655411e+000
+2.789820e+003	   +4.066691e+000
+2.793814e+003	   +2.463988e+000
+2.797808e+003	   +8.676810e-001
+2.801802e+003	   -4.200592e-001
+2.805796e+003	   -2.319058e+000
+2.809790e+003	   -3.916603e+000
+2.813784e+003	   -5.516143e+000
+2.817778e+003	   -7.111681e+000
+2.821772e+003	   -8.708477e+000
+2.825766e+003	   -9.995970e+000
+2.829760e+003	   -1.188242e+001
+2.833754e+003	   -1.346652e+001
+2.837748e+003	   -1.504269e+001
+2.841742e+003	   -1.662211e+001
+2.845736e+003	   -1.820097e+001
+2.849730e+003	   -1.976408e+001
+2.853724e+003	   -2.133349e+001
+2.857718e+003	   -2.258231e+001
+2.861712e+003	   -2.442587e+001
+2.865706e+003	   -2.596356e+001
+2.869700e+003	   -2.749543e+001
+2.873694e+003	   -2.901250e+001
+2.877688e+003	   -3.052518e+001
+2.881682e+003	   -3.200743e+001
+2.885676e+003	   -3.321065e+001
+2.889670e+003	   -3.496260e+001
+2.893664e+003	   -3.613347e+001
+2.897658e+003	   -3.756823e+001
+2.901652e+003	   -3.923477e+001
+2.905646e+003	   -4.061568e+001
+2.909640e+003	   -4.172286e+001
+2.913634e+003	   -4.328365e+001
+2.917628e+003	   -4.457265e+001
+2.921622e+003	   -4.554417e+001
+2.925616e+003	   -4.698808e+001
+2.929610e+003	   -4.812149e+001
+2.933604e+003	   -4.916963e+001
+2.937598e+003	   -5.015390e+001
+2.941592e+003	   -5.105412e+001
+2.945586e+003	   -5.164615e+001
+2.949580e+003	   -5.243264e+001
+2.953573e+003	   -5.287669e+001
+2.957568e+003	   -5.312103e+001
+2.961562e+003	   -5.308805e+001
+2.965556e+003	   -5.267531e+001
+2.969550e+003	   -5.179942e+001
+2.973543e+003	   -5.031078e+001
+2.977538e+003	   -4.845851e+001
+2.981531e+003	   -4.443315e+001
+2.985526e+003	   -3.926305e+001
+2.989520e+003	   -3.189152e+001
+2.993513e+003	   -2.385097e+001
+2.997508e+003	   -8.861166e+000
+3.001501e+003	   +5.350470e+000
+3.005496e+003	   +1.872917e+001
+3.009490e+003	   +2.959105e+001
+3.013483e+003	   +3.765417e+001
+3.017478e+003	   +4.331917e+001
+3.021471e+003	   +4.650784e+001
+3.025466e+003	   +4.978860e+001
+3.029459e+003	   +5.149871e+001
+3.033453e+003	   +5.249110e+001
+3.037448e+003	   +5.299861e+001
+3.041441e+003	   +5.312283e+001
+3.045436e+003	   +5.296426e+001
+3.049429e+003	   +5.255051e+001
+3.053423e+003	   +5.196177e+001
+3.057417e+003	   +5.135901e+001
+3.061411e+003	   +5.037671e+001
+3.065406e+003	   +4.941533e+001
+3.069399e+003	   +4.838092e+001
+3.073393e+003	   +4.726591e+001
+3.077387e+003	   +4.609472e+001
+3.081381e+003	   +4.508614e+001
+3.085375e+003	   +4.360734e+001
+3.089369e+003	   +4.229985e+001
+3.093363e+003	   +4.094941e+001
+3.097357e+003	   +3.958079e+001
+3.101351e+003	   +3.818206e+001
+3.105345e+003	   +3.674696e+001
+3.109339e+003	   +3.532022e+001
+3.113333e+003	   +3.385042e+001
+3.117327e+003	   +3.264798e+001
+3.121321e+003	   +3.088373e+001
+3.125315e+003	   +2.937744e+001
+3.129309e+003	   +2.813765e+001
+3.133303e+003	   +2.633427e+001
+3.137297e+003	   +2.479756e+001
+3.141291e+003	   +2.353719e+001
+3.145285e+003	   +2.169769e+001
+3.149279e+003	   +2.014252e+001
+3.153273e+003	   +1.858264e+001
+3.157267e+003	   +1.700975e+001
+3.161261e+003	   +1.542327e+001
+3.165255e+003	   +1.414869e+001
+3.169249e+003	   +1.226093e+001
+3.173243e+003	   +1.067988e+001
+3.177237e+003	   +9.090230e+000
+3.181231e+003	   +7.493163e+000
+3.185225e+003	   +5.902106e+000
+3.189219e+003	   +4.304104e+000
+3.193213e+003	   +2.710847e+000
+3.197207e+003	   +1.118284e+000
+3.201201e+003	   -4.843081e-001
+3.205195e+003	   -2.084976e+000
+3.209189e+003	   -3.379236e+000
+3.213183e+003	   -4.966143e+000
+3.217177e+003	   -6.868015e+000
+3.221171e+003	   -8.465851e+000
+3.225165e+003	   -1.004944e+001
+3.229159e+003	   -1.134241e+001
+3.233153e+003	   -1.322799e+001
+3.237147e+003	   -1.481011e+001
+3.241141e+003	   -1.638672e+001
+3.245135e+003	   -1.795919e+001
+3.249129e+003	   -1.953394e+001
+3.253123e+003	   -2.108671e+001
+3.257117e+003	   -2.264376e+001
+3.261111e+003	   -2.419310e+001
+3.265105e+003	   -2.573654e+001
+3.269099e+003	   -2.727217e+001
+3.273093e+003	   -2.878366e+001
+3.277087e+003	   -3.029208e+001
+3.281081e+003	   -3.179270e+001
+3.285075e+003	   -3.327914e+001
+3.289069e+003	   -3.474732e+001
+3.293063e+003	   -3.591106e+001
+3.297057e+003	   -3.763029e+001
+3.301051e+003	   -3.877168e+001
+3.305045e+003	   -4.040634e+001
+3.309039e+003	   -4.177626e+001
+3.313033e+003	   -4.308881e+001
+3.317027e+003	   -4.436778e+001
+3.321021e+003	   -4.563179e+001
+3.325015e+003	   -4.681709e+001
+3.329009e+003	   -4.794979e+001
+3.333003e+003	   -4.901361e+001
+3.336997e+003	   -5.001760e+001
+3.340991e+003	   -5.090950e+001
+3.344985e+003	   -5.169368e+001
+3.348979e+003	   -5.235417e+001
+3.352973e+003	   -5.283966e+001
+3.356967e+003	   -5.309443e+001
+3.360961e+003	   -5.309893e+001
+3.364955e+003	   -5.276738e+001
+3.368949e+003	   -5.197058e+001
+3.372943e+003	   -5.058704e+001
+3.376937e+003	   -4.838762e+001
+3.380931e+003	   -4.505165e+001
+3.384925e+003	   -4.020179e+001
+3.388919e+003	   -3.316047e+001
+3.392913e+003	   -2.347168e+001
+3.396907e+003	   -1.098707e+001
+3.400901e+003	   +3.203422e+000
+3.404895e+003	   +1.687276e+001
+3.408889e+003	   +2.818611e+001
+3.412883e+003	   +3.659991e+001
+3.416877e+003	   +4.257330e+001
+3.420871e+003	   +4.670554e+001
+3.424865e+003	   +4.903494e+001
+3.428859e+003	   +5.126877e+001
+3.432853e+003	   +5.235657e+001
+3.436847e+003	   +5.295253e+001
+3.440841e+003	   +5.312499e+001
+3.444835e+003	   +5.298083e+001
+3.448829e+003	   +5.263912e+001
+3.452823e+003	   +5.206559e+001
+3.456817e+003	   +5.134796e+001
+3.460811e+003	   +5.051296e+001
+3.464805e+003	   +4.974992e+001
+3.468799e+003	   +4.855103e+001
+3.472793e+003	   +4.743501e+001
+3.476787e+003	   +4.628137e+001
+3.480781e+003	   +4.504985e+001
+3.484775e+003	   +4.404541e+001
+3.488769e+003	   +4.250661e+001
+3.492763e+003	   +4.116124e+001
+3.496757e+003	   +4.007297e+001
+3.500751e+003	   +3.840282e+001
+3.504745e+003	   +3.697781e+001
+3.508739e+003	   +3.552992e+001
+3.512733e+003	   +3.407405e+001
+3.516727e+003	   +3.289763e+001
+3.520721e+003	   +3.111264e+001
+3.524715e+003	   +2.960786e+001
+3.528709e+003	   +2.808854e+001
+3.532703e+003	   +2.657749e+001
+3.536697e+003	   +2.502552e+001
+3.540691e+003	   +2.348136e+001
+3.544685e+003	   +2.193451e+001
+3.548679e+003	   +2.037460e+001
+3.552673e+003	   +1.881114e+001
+3.556667e+003	   +1.724199e+001
+3.560661e+003	   +1.567081e+001
+3.564655e+003	   +1.408454e+001
+3.568649e+003	   +1.250725e+001
+3.572643e+003	   +1.122015e+001
+3.576637e+003	   +9.630239e+000
+3.580631e+003	   +8.040819e+000
+3.584625e+003	   +6.142874e+000
+3.588619e+003	   +4.551309e+000
+3.592613e+003	   +2.946891e+000
+3.596607e+003	   +1.351094e+000
+3.600601e+003	   +5.789444e-002
+3.604594e+003	   -1.843758e+000
+3.608589e+003	   -3.438371e+000
+3.612583e+003	   -5.029089e+000
+3.616577e+003	   -6.629506e+000
+3.620571e+003	   -8.231339e+000
+3.624564e+003	   -9.814998e+000
+3.628559e+003	   -1.140411e+001
+3.632552e+003	   -1.299069e+001
+3.636547e+003	   -1.427319e+001
+3.640541e+003	   -1.614654e+001
+3.644534e+003	   -1.772513e+001
+3.648529e+003	   -1.929656e+001
+3.652522e+003	   -2.085323e+001
+3.656517e+003	   -2.240598e+001
+3.660510e+003	   -2.369161e+001
+3.664504e+003	   -2.550633e+001
+3.668499e+003	   -2.704773e+001
+3.672492e+003	   -2.855426e+001
+3.676487e+003	   -3.005934e+001
+3.680480e+003	   -3.157308e+001
+3.684474e+003	   -3.305949e+001
+3.688469e+003	   -3.453366e+001
+3.692462e+003	   -3.573007e+001
+3.696457e+003	   -3.737535e+001
+3.700450e+003	   -3.879788e+001
+3.704444e+003	   -4.026734e+001
+3.708438e+003	   -4.155757e+001
+3.712432e+003	   -4.287601e+001
+3.716427e+003	   -4.420422e+001
+3.720420e+003	   -4.543112e+001
+3.724414e+003	   -4.658849e+001
+3.728408e+003	   -4.788730e+001
+3.732402e+003	   -4.894654e+001
+3.736396e+003	   -4.964831e+001
+3.740390e+003	   -5.087079e+001
+3.744384e+003	   -5.161570e+001
+3.748378e+003	   -5.223727e+001
+3.752372e+003	   -5.292914e+001
+3.756366e+003	   -5.290165e+001
+3.760360e+003	   -5.296605e+001
+3.764354e+003	   -5.292440e+001
+3.768348e+003	   -5.218110e+001
+3.772342e+003	   -5.095303e+001
+3.776336e+003	   -4.874871e+001
+3.780330e+003	   -4.568499e+001
+3.784324e+003	   -4.099096e+001
+3.788318e+003	   -3.443208e+001
+3.792312e+003	   -2.537546e+001
+3.796306e+003	   -1.568563e+001
+3.800300e+003	   +1.048535e+000
+3.804294e+003	   +1.505806e+001
+3.808288e+003	   +2.663849e+001
+3.812282e+003	   +3.568489e+001
+3.816276e+003	   +4.111548e+001
+3.820270e+003	   +4.624751e+001
+3.824264e+003	   +4.910182e+001
+3.828258e+003	   +5.154562e+001
+3.832252e+003	   +5.265822e+001
+3.836246e+003	   +5.297005e+001
+3.840240e+003	   +5.293973e+001
+3.844234e+003	   +5.318431e+001
+3.848228e+003	   +5.207222e+001
+3.852222e+003	   +5.303152e+001
+3.856216e+003	   +5.281703e+001
+3.860210e+003	   +5.163502e+001
+3.864204e+003	   +4.852665e+001
+3.868198e+003	   +4.946485e+001
+3.872192e+003	   +4.777577e+001
+3.876186e+003	   +4.585859e+001
+3.880180e+003	   +4.406650e+001
+3.884174e+003	   +4.597145e+001
+3.888168e+003	   +4.393056e+001
+3.892162e+003	   +4.343288e+001
+3.896156e+003	   +3.973997e+001
+3.900150e+003	   +3.923186e+001
+3.904144e+003	   +3.701838e+001
+3.908138e+003	   +3.572268e+001
+3.912132e+003	   +3.307405e+001
+3.916126e+003	   +3.521539e+001
+3.920120e+003	   +3.468542e+001
+3.924114e+003	   +3.327050e+001
+3.928108e+003	   +2.635663e+001
+3.932102e+003	   +2.845945e+001
+3.936096e+003	   +2.530200e+001
+3.940090e+003	   +2.267297e+001
+3.944084e+003	   +2.113683e+001
+3.948078e+003	   +1.925993e+001
+3.952072e+003	   +2.264753e+001
+3.956066e+003	   +1.836922e+001
+3.960060e+003	   +1.249186e+001
+3.964054e+003	   +1.600710e+001
+3.968048e+003	   +1.299593e+001
+3.972042e+003	   +9.201507e+000
+3.976036e+003	   +1.123789e+001
+3.980030e+003	   +3.754413e+000
+3.984024e+003	   +3.563503e+000
+3.988018e+003	   +1.336646e+000
+3.992012e+003	   +3.431330e-001
+3.996006e+003	   +6.197098e-002
+4.000000e+003	   +3.656936e-002
