+1.000000e+001	   -2.366245e+001
+4.127660e+001	   -2.368307e+000
+7.255319e+001	   +3.287869e+000
+1.038298e+002	   +4.762427e+000
+1.351064e+002	   +6.710510e+000
+1.663830e+002	   +7.916039e+000
+1.976596e+002	   +8.648685e+000
+2.289362e+002	   +8.983414e+000
+2.602128e+002	   +9.153582e+000
+2.914893e+002	   +9.605084e+000
+3.227660e+002	   +1.017061e+001
+3.540425e+002	   +1.070911e+001
+3.853192e+002	   +1.066657e+001
+4.165957e+002	   +1.076177e+001
+4.478723e+002	   +1.098809e+001
+4.791489e+002	   +1.088900e+001
+5.104255e+002	   +1.107135e+001
+5.417021e+002	   +1.114192e+001
+5.729787e+002	   +1.121570e+001
+6.042553e+002	   +1.114804e+001
+6.355319e+002	   +1.130994e+001
+6.668085e+002	   +1.167342e+001
+6.980851e+002	   +1.196786e+001
+7.293617e+002	   +1.232932e+001
+7.606383e+002	   +1.250476e+001
+7.919149e+002	   +1.219034e+001
+8.231915e+002	   +1.208519e+001
+8.544681e+002	   +1.219608e+001
+8.857447e+002	   +1.169594e+001
+9.170213e+002	   +1.125617e+001
+9.482979e+002	   +1.140359e+001
+9.795745e+002	   +1.162527e+001
+1.010851e+003	   +1.196618e+001
+1.042128e+003	   +1.219662e+001
+1.073404e+003	   +1.213235e+001
+1.104681e+003	   +1.191000e+001
+1.135957e+003	   +1.197936e+001
+1.167234e+003	   +1.237593e+001
+1.198511e+003	   +1.246626e+001
+1.229787e+003	   +1.237984e+001
+1.261064e+003	   +1.216949e+001
+1.292340e+003	   +1.178848e+001
+1.323617e+003	   +1.126072e+001
+1.354894e+003	   +1.099866e+001
+1.386170e+003	   +1.025089e+001
+1.417447e+003	   +9.157021e+000
+1.448723e+003	   +8.898566e+000
+1.480000e+003	   +8.720230e+000
+1.511277e+003	   +8.814924e+000
+1.542553e+003	   +8.866696e+000
+1.573830e+003	   +9.235686e+000
+1.605106e+003	   +9.508596e+000
+1.636383e+003	   +9.634460e+000
+1.667660e+003	   +9.828557e+000
+1.698936e+003	   +1.021372e+001
+1.730213e+003	   +1.045402e+001
+1.761489e+003	   +1.079557e+001
+1.792766e+003	   +1.119853e+001
+1.824043e+003	   +1.160324e+001
+1.855319e+003	   +1.197208e+001
+1.886596e+003	   +1.197054e+001
+1.917872e+003	   +1.190903e+001
+1.949149e+003	   +1.186395e+001
+1.980426e+003	   +1.154730e+001
+2.011702e+003	   +1.111563e+001
+2.042979e+003	   +1.059298e+001
+2.074255e+003	   +1.014408e+001
+2.105532e+003	   +9.717113e+000
+2.136809e+003	   +9.205386e+000
+2.168085e+003	   +8.629046e+000
+2.199362e+003	   +8.035817e+000
+2.230638e+003	   +7.628115e+000
+2.261915e+003	   +7.174497e+000
+2.293191e+003	   +6.679690e+000
+2.324468e+003	   +6.110294e+000
+2.355745e+003	   +5.616119e+000
+2.387021e+003	   +5.182602e+000
+2.418298e+003	   +4.919856e+000
+2.449574e+003	   +4.709712e+000
+2.480851e+003	   +4.374426e+000
+2.512128e+003	   +3.860795e+000
+2.543404e+003	   +3.431108e+000
+2.574681e+003	   +2.850258e+000
+2.605958e+003	   +2.089985e+000
+2.637234e+003	   +1.401317e+000
+2.668511e+003	   +1.189103e+000
+2.699787e+003	   +8.600439e-001
+2.731064e+003	   +3.984221e-001
+2.762340e+003	   +4.764290e-002
+2.793617e+003	   -4.663326e-002
+2.824894e+003	   -3.141053e-001
+2.856170e+003	   -1.224250e+000
+2.887447e+003	   -1.491806e+000
+2.918723e+003	   -1.944747e+000
+2.950000e+003	   -2.422211e+000
+2.981277e+003	   -3.168012e+000
+3.012553e+003	   -3.421616e+000
+3.043830e+003	   -4.016172e+000
+3.075106e+003	   -4.511234e+000
+3.106383e+003	   -5.053143e+000
+3.137660e+003	   -5.322016e+000
+3.168936e+003	   -5.571867e+000
+3.200213e+003	   -5.863968e+000
+3.231489e+003	   -6.004261e+000
+3.262766e+003	   -6.146361e+000
+3.294042e+003	   -5.985153e+000
+3.325319e+003	   -6.232960e+000
+3.356596e+003	   -6.812799e+000
+3.387872e+003	   -8.098721e+000
+3.419149e+003	   -1.004774e+001
+3.450426e+003	   -1.201813e+001
+3.481702e+003	   -1.195107e+001
+3.512979e+003	   -1.080001e+001
+3.544255e+003	   -9.848593e+000
+3.575532e+003	   -8.570100e+000
+3.606809e+003	   -7.173224e+000
+3.638085e+003	   -5.953962e+000
+3.669362e+003	   -4.716550e+000
+3.700638e+003	   -3.755815e+000
+3.731915e+003	   -2.418554e+000
+3.763191e+003	   -9.311228e-001
+3.794468e+003	   +2.317066e-001
+3.825745e+003	   +1.183427e+000
+3.857021e+003	   +1.845076e+000
+3.888298e+003	   +2.326518e+000
+3.919574e+003	   +2.740692e+000
+3.950851e+003	   +3.212111e+000
+3.982128e+003	   +3.654602e+000
+4.013404e+003	   +3.961352e+000
+4.044681e+003	   +4.186707e+000
+4.075958e+003	   +4.277227e+000
+4.107234e+003	   +4.380909e+000
+4.138511e+003	   +4.323680e+000
+4.169787e+003	   +4.015078e+000
+4.201064e+003	   +3.661427e+000
+4.232340e+003	   +3.415198e+000
+4.263617e+003	   +3.159815e+000
+4.294894e+003	   +2.881971e+000
+4.326170e+003	   +2.586722e+000
+4.357447e+003	   +2.280430e+000
+4.388724e+003	   +1.934752e+000
+4.420000e+003	   +1.502597e+000
+4.451276e+003	   +8.424023e-001
+4.482553e+003	   -3.893103e-002
+4.513830e+003	   -9.849398e-001
+4.545106e+003	   -2.027543e+000
+4.576383e+003	   -3.093207e+000
+4.607660e+003	   -3.881481e+000
+4.638936e+003	   -4.438215e+000
+4.670213e+003	   -4.884959e+000
+4.701489e+003	   -5.244987e+000
+4.732766e+003	   -5.445778e+000
+4.764042e+003	   -4.969911e+000
+4.795319e+003	   -4.084935e+000
+4.826596e+003	   -3.670367e+000
+4.857873e+003	   -4.310656e+000
+4.889149e+003	   -5.141007e+000
+4.920425e+003	   -5.613406e+000
+4.951702e+003	   -6.136370e+000
+4.982979e+003	   -6.599484e+000
+5.014255e+003	   -6.922699e+000
+5.045532e+003	   -7.161179e+000
+5.076809e+003	   -7.235141e+000
+5.108085e+003	   -7.383511e+000
+5.139362e+003	   -7.367578e+000
+5.170638e+003	   -7.307117e+000
+5.201915e+003	   -7.053216e+000
+5.233191e+003	   -6.748670e+000
+5.264468e+003	   -6.405540e+000
+5.295745e+003	   -5.934952e+000
+5.327021e+003	   -5.581876e+000
+5.358298e+003	   -5.344560e+000
+5.389575e+003	   -4.953870e+000
+5.420851e+003	   -4.711098e+000
+5.452127e+003	   -4.403989e+000
+5.483404e+003	   -4.042507e+000
+5.514681e+003	   -3.826713e+000
+5.545958e+003	   -3.516084e+000
+5.577234e+003	   -3.095383e+000
+5.608511e+003	   -2.559506e+000
+5.639787e+003	   -1.849079e+000
+5.671064e+003	   -1.152571e+000
+5.702340e+003	   -4.025769e-001
+5.733617e+003	   +2.965685e-001
+5.764894e+003	   +8.365700e-001
+5.796170e+003	   +1.256198e+000
+5.827447e+003	   +1.644427e+000
+5.858724e+003	   +1.937835e+000
+5.890000e+003	   +2.219497e+000
+5.921276e+003	   +2.484129e+000
+5.952553e+003	   +2.620995e+000
+5.983830e+003	   +2.697000e+000
+6.015106e+003	   +2.788212e+000
+6.046383e+003	   +2.870617e+000
+6.077660e+003	   +2.938982e+000
+6.108936e+003	   +3.039722e+000
+6.140213e+003	   +3.145933e+000
+6.171489e+003	   +3.235434e+000
+6.202766e+003	   +3.287129e+000
+6.234042e+003	   +3.377826e+000
+6.265319e+003	   +3.482376e+000
+6.296596e+003	   +3.533905e+000
+6.327873e+003	   +3.604358e+000
+6.359149e+003	   +3.718605e+000
+6.390425e+003	   +3.874818e+000
+6.421702e+003	   +3.936896e+000
+6.452979e+003	   +3.974247e+000
+6.484255e+003	   +4.036013e+000
+6.515532e+003	   +4.142443e+000
+6.546809e+003	   +4.147909e+000
+6.578085e+003	   +4.189664e+000
+6.609362e+003	   +4.227537e+000
+6.640638e+003	   +4.339280e+000
+6.671915e+003	   +4.399973e+000
+6.703191e+003	   +4.432926e+000
+6.734468e+003	   +4.439313e+000
+6.765745e+003	   +4.417483e+000
+6.797021e+003	   +4.445353e+000
+6.828298e+003	   +4.425241e+000
+6.859575e+003	   +4.420941e+000
+6.890851e+003	   +4.430154e+000
+6.922127e+003	   +4.454669e+000
+6.953404e+003	   +4.438536e+000
+6.984681e+003	   +4.465354e+000
+7.015958e+003	   +4.475461e+000
+7.047234e+003	   +4.489414e+000
+7.078511e+003	   +4.597490e+000
+7.109787e+003	   +4.740115e+000
+7.141064e+003	   +4.867814e+000
+7.172340e+003	   +5.013092e+000
+7.203617e+003	   +5.170881e+000
+7.234894e+003	   +5.311675e+000
+7.266170e+003	   +5.435535e+000
+7.297447e+003	   +5.530091e+000
+7.328724e+003	   +5.592034e+000
+7.360000e+003	   +5.645898e+000
+7.391276e+003	   +5.595876e+000
+7.422553e+003	   +5.432756e+000
+7.453830e+003	   +5.271919e+000
+7.485106e+003	   +5.125156e+000
+7.516383e+003	   +4.932668e+000
+7.547660e+003	   +4.780281e+000
+7.578936e+003	   +4.700897e+000
+7.610213e+003	   +4.672393e+000
+7.641489e+003	   +4.686268e+000
+7.672766e+003	   +4.658812e+000
+7.704042e+003	   +4.628316e+000
+7.735319e+003	   +4.620918e+000
+7.766596e+003	   +4.648450e+000
+7.797873e+003	   +4.700753e+000
+7.829149e+003	   +4.760640e+000
+7.860425e+003	   +4.810606e+000
+7.891702e+003	   +4.877302e+000
+7.922979e+003	   +4.916787e+000
+7.954255e+003	   +4.964298e+000
+7.985532e+003	   +5.000796e+000
+8.016809e+003	   +5.028187e+000
+8.048085e+003	   +5.053989e+000
+8.079362e+003	   +5.045630e+000
+8.110638e+003	   +5.026639e+000
+8.141915e+003	   +5.012639e+000
+8.173191e+003	   +5.027901e+000
+8.204468e+003	   +5.032510e+000
+8.235745e+003	   +4.983191e+000
+8.267021e+003	   +4.922499e+000
+8.298298e+003	   +4.844478e+000
+8.329574e+003	   +4.721905e+000
+8.360851e+003	   +4.591276e+000
+8.392128e+003	   +4.447940e+000
+8.423404e+003	   +4.293332e+000
+8.454681e+003	   +4.140996e+000
+8.485957e+003	   +4.016654e+000
+8.517234e+003	   +3.911855e+000
+8.548511e+003	   +3.828206e+000
+8.579787e+003	   +3.764380e+000
+8.611063e+003	   +3.713772e+000
+8.642341e+003	   +3.656604e+000
+8.673617e+003	   +3.607867e+000
+8.704894e+003	   +3.585648e+000
+8.736170e+003	   +3.571195e+000
+8.767447e+003	   +3.591492e+000
+8.798724e+003	   +3.619431e+000
+8.830000e+003	   +3.615139e+000
+8.861276e+003	   +3.603745e+000
+8.892553e+003	   +3.593235e+000
+8.923830e+003	   +3.559932e+000
+8.955106e+003	   +3.521921e+000
+8.986383e+003	   +3.501577e+000
+9.017659e+003	   +3.488050e+000
+9.048937e+003	   +3.497603e+000
+9.080213e+003	   +3.509060e+000
+9.111489e+003	   +3.512069e+000
+9.142766e+003	   +3.516173e+000
+9.174043e+003	   +3.507782e+000
+9.205319e+003	   +3.504721e+000
+9.236596e+003	   +3.493129e+000
+9.267872e+003	   +3.488607e+000
+9.299149e+003	   +3.466647e+000
+9.330426e+003	   +3.429235e+000
+9.361702e+003	   +3.378618e+000
+9.392979e+003	   +3.319695e+000
+9.424255e+003	   +3.230300e+000
+9.455532e+003	   +3.130266e+000
+9.486809e+003	   +3.030775e+000
+9.518085e+003	   +2.929770e+000
+9.549361e+003	   +2.808961e+000
+9.580639e+003	   +2.686448e+000
+9.611915e+003	   +2.560565e+000
+9.643191e+003	   +2.441408e+000
+9.674468e+003	   +2.337927e+000
+9.705745e+003	   +2.214246e+000
+9.737021e+003	   +2.075112e+000
+9.768298e+003	   +1.908851e+000
+9.799574e+003	   +1.711785e+000
+9.830851e+003	   +1.506465e+000
+9.862128e+003	   +1.281077e+000
+9.893404e+003	   +1.071835e+000
+9.924681e+003	   +8.881414e-001
+9.955957e+003	   +7.221812e-001
+9.987234e+003	   +6.139785e-001
+1.001851e+004	   +5.952048e-001
+1.004979e+004	   +5.900427e-001
+1.008106e+004	   +5.883483e-001
+1.011234e+004	   +5.811831e-001
+1.014362e+004	   +5.859043e-001
+1.017489e+004	   +5.756653e-001
+1.020617e+004	   +5.317392e-001
+1.023745e+004	   +4.890763e-001
+1.026872e+004	   +4.942130e-001
+1.030000e+004	   +5.291638e-001
+1.033128e+004	   +5.774606e-001
+1.036255e+004	   +6.397316e-001
+1.039383e+004	   +7.185005e-001
+1.042511e+004	   +7.943772e-001
+1.045638e+004	   +8.662643e-001
+1.048766e+004	   +9.197834e-001
+1.051894e+004	   +9.803384e-001
+1.055021e+004	   +1.058581e+000
+1.058149e+004	   +1.159012e+000
+1.061277e+004	   +1.267761e+000
+1.064404e+004	   +1.344970e+000
+1.067532e+004	   +1.372551e+000
+1.070660e+004	   +1.337311e+000
+1.073787e+004	   +1.280143e+000
+1.076915e+004	   +1.261229e+000
+1.080043e+004	   +1.274357e+000
+1.083170e+004	   +1.290929e+000
+1.086298e+004	   +1.282290e+000
+1.089425e+004	   +1.263872e+000
+1.092553e+004	   +1.238389e+000
+1.095681e+004	   +1.222673e+000
+1.098808e+004	   +1.249594e+000
+1.101936e+004	   +1.314346e+000
+1.105064e+004	   +1.422482e+000
+1.108192e+004	   +1.536867e+000
+1.111319e+004	   +1.669060e+000
+1.114447e+004	   +1.812032e+000
+1.117575e+004	   +1.929013e+000
+1.120702e+004	   +2.019002e+000
+1.123830e+004	   +2.106919e+000
+1.126957e+004	   +2.180954e+000
+1.130085e+004	   +2.248245e+000
+1.133213e+004	   +2.314965e+000
+1.136340e+004	   +2.368058e+000
+1.139468e+004	   +2.403975e+000
+1.142596e+004	   +2.417539e+000
+1.145723e+004	   +2.405382e+000
+1.148851e+004	   +2.366057e+000
+1.151979e+004	   +2.316488e+000
+1.155106e+004	   +2.260935e+000
+1.158234e+004	   +2.183593e+000
+1.161362e+004	   +2.065878e+000
+1.164489e+004	   +1.941170e+000
+1.167617e+004	   +1.791299e+000
+1.170745e+004	   +1.643437e+000
+1.173872e+004	   +1.485229e+000
+1.177000e+004	   +1.328415e+000
+1.180128e+004	   +1.188951e+000
+1.183255e+004	   +1.100283e+000
+1.186383e+004	   +1.055043e+000
+1.189511e+004	   +1.049983e+000
+1.192638e+004	   +1.085909e+000
+1.195766e+004	   +1.134432e+000
+1.198894e+004	   +1.211942e+000
+1.202021e+004	   +1.366540e+000
+1.205149e+004	   +1.571547e+000
+1.208277e+004	   +1.745086e+000
+1.211404e+004	   +1.892619e+000
+1.214532e+004	   +2.041282e+000
+1.217660e+004	   +2.191886e+000
+1.220787e+004	   +2.329907e+000
+1.223915e+004	   +2.445147e+000
+1.227043e+004	   +2.515012e+000
+1.230170e+004	   +2.539010e+000
+1.233298e+004	   +2.520219e+000
+1.236425e+004	   +2.476703e+000
+1.239553e+004	   +2.403055e+000
+1.242681e+004	   +2.322140e+000
+1.245808e+004	   +2.239263e+000
+1.248936e+004	   +2.149679e+000
+1.252064e+004	   +2.059460e+000
+1.255192e+004	   +1.971435e+000
+1.258319e+004	   +1.843130e+000
+1.261447e+004	   +1.708821e+000
+1.264575e+004	   +1.582208e+000
+1.267702e+004	   +1.496426e+000
+1.270830e+004	   +1.424219e+000
+1.273957e+004	   +1.356819e+000
+1.277085e+004	   +1.281653e+000
+1.280213e+004	   +1.211827e+000
+1.283340e+004	   +1.138561e+000
+1.286468e+004	   +1.054822e+000
+1.289596e+004	   +9.695499e-001
+1.292723e+004	   +8.757408e-001
+1.295851e+004	   +7.686050e-001
+1.298979e+004	   +6.444727e-001
+1.302106e+004	   +5.258569e-001
+1.305234e+004	   +3.905315e-001
+1.308362e+004	   +2.551656e-001
+1.311489e+004	   +1.083363e-001
+1.314617e+004	   -5.704956e-002
+1.317745e+004	   -2.234041e-001
+1.320872e+004	   -3.875246e-001
+1.324000e+004	   -5.590693e-001
+1.327128e+004	   -7.144380e-001
+1.330255e+004	   -8.751463e-001
+1.333383e+004	   -1.035816e+000
+1.336511e+004	   -1.175699e+000
+1.339638e+004	   -1.305493e+000
+1.342766e+004	   -1.438726e+000
+1.345894e+004	   -1.582642e+000
+1.349021e+004	   -1.720158e+000
+1.352149e+004	   -1.858788e+000
+1.355277e+004	   -2.023528e+000
+1.358404e+004	   -2.197197e+000
+1.361532e+004	   -2.365696e+000
+1.364660e+004	   -2.535827e+000
+1.367787e+004	   -2.710562e+000
+1.370915e+004	   -2.893495e+000
+1.374043e+004	   -3.079083e+000
+1.377170e+004	   -3.292910e+000
+1.380298e+004	   -3.511491e+000
+1.383425e+004	   -3.707405e+000
+1.386553e+004	   -3.924035e+000
+1.389681e+004	   -4.151010e+000
+1.392808e+004	   -4.390925e+000
+1.395936e+004	   -4.616810e+000
+1.399064e+004	   -4.841520e+000
+1.402192e+004	   -5.066037e+000
+1.405319e+004	   -5.300769e+000
+1.408447e+004	   -5.547853e+000
+1.411575e+004	   -5.786511e+000
+1.414702e+004	   -6.036432e+000
+1.417830e+004	   -6.300752e+000
+1.420957e+004	   -6.572211e+000
+1.424085e+004	   -6.848016e+000
+1.427213e+004	   -7.118856e+000
+1.430340e+004	   -7.379191e+000
+1.433468e+004	   -7.641433e+000
+1.436596e+004	   -7.901377e+000
+1.439723e+004	   -8.144576e+000
+1.442851e+004	   -8.361353e+000
+1.445979e+004	   -8.604092e+000
+1.449106e+004	   -8.687012e+000
+1.452234e+004	   -8.740832e+000
+1.455362e+004	   -8.976376e+000
+1.458489e+004	   -9.139594e+000
+1.461617e+004	   -9.315907e+000
+1.464745e+004	   -9.471455e+000
+1.467872e+004	   -9.612227e+000
+1.471000e+004	   -9.761588e+000
+1.474128e+004	   -9.877899e+000
+1.477255e+004	   -9.991162e+000
+1.480383e+004	   -1.013544e+001
+1.483511e+004	   -1.027567e+001
+1.486638e+004	   -1.039294e+001
+1.489766e+004	   -1.051545e+001
+1.492894e+004	   -1.064095e+001
+1.496021e+004	   -1.079291e+001
+1.499149e+004	   -1.094155e+001
+1.502277e+004	   -1.108887e+001
+1.505404e+004	   -1.125667e+001
+1.508532e+004	   -1.142177e+001
+1.511660e+004	   -1.156077e+001
+1.514787e+004	   -1.172966e+001
+1.517915e+004	   -1.190566e+001
+1.521043e+004	   -1.209334e+001
+1.524170e+004	   -1.228730e+001
+1.527298e+004	   -1.247340e+001
+1.530425e+004	   -1.263082e+001
+1.533553e+004	   -1.280559e+001
+1.536681e+004	   -1.304065e+001
+1.539808e+004	   -1.326786e+001
+1.542936e+004	   -1.347359e+001
+1.546064e+004	   -1.371419e+001
+1.549192e+004	   -1.396168e+001
+1.552319e+004	   -1.420119e+001
+1.555447e+004	   -1.443957e+001
+1.558575e+004	   -1.468259e+001
+1.561702e+004	   -1.495971e+001
+1.564830e+004	   -1.517983e+001
+1.567957e+004	   -1.542776e+001
+1.571085e+004	   -1.569771e+001
+1.574213e+004	   -1.597634e+001
+1.577340e+004	   -1.622759e+001
+1.580468e+004	   -1.644424e+001
+1.583596e+004	   -1.662754e+001
+1.586723e+004	   -1.678993e+001
+1.589851e+004	   -1.690823e+001
+1.592979e+004	   -1.689365e+001
+1.596106e+004	   -1.678339e+001
+1.599234e+004	   -1.664766e+001
+1.602362e+004	   -1.657435e+001
+1.605489e+004	   -1.648217e+001
+1.608617e+004	   -1.637680e+001
+1.611745e+004	   -1.627944e+001
+1.614872e+004	   -1.621599e+001
+1.618000e+004	   -1.613998e+001
+1.621128e+004	   -1.601936e+001
+1.624255e+004	   -1.594443e+001
+1.627383e+004	   -1.590244e+001
+1.630511e+004	   -1.582475e+001
+1.633638e+004	   -1.573565e+001
+1.636766e+004	   -1.564279e+001
+1.639894e+004	   -1.560250e+001
+1.643021e+004	   -1.553331e+001
+1.646149e+004	   -1.545466e+001
+1.649277e+004	   -1.539000e+001
+1.652404e+004	   -1.531093e+001
+1.655532e+004	   -1.527601e+001
+1.658660e+004	   -1.523604e+001
+1.661787e+004	   -1.516891e+001
+1.664915e+004	   -1.508265e+001
+1.668043e+004	   -1.503504e+001
+1.671170e+004	   -1.497081e+001
+1.674298e+004	   -1.485990e+001
+1.677426e+004	   -1.476415e+001
+1.680553e+004	   -1.465342e+001
+1.683681e+004	   -1.451734e+001
+1.686809e+004	   -1.441426e+001
+1.689936e+004	   -1.435430e+001
+1.693064e+004	   -1.434797e+001
+1.696191e+004	   -1.435929e+001
+1.699319e+004	   -1.437611e+001
+1.702447e+004	   -1.442286e+001
+1.705574e+004	   -1.449361e+001
+1.708702e+004	   -1.456211e+001
+1.711830e+004	   -1.462734e+001
+1.714957e+004	   -1.469901e+001
+1.718085e+004	   -1.478630e+001
+1.721213e+004	   -1.484967e+001
+1.724340e+004	   -1.492894e+001
+1.727468e+004	   -1.500968e+001
+1.730596e+004	   -1.510183e+001
+1.733723e+004	   -1.518787e+001
+1.736851e+004	   -1.526001e+001
+1.739979e+004	   -1.531963e+001
+1.743106e+004	   -1.541035e+001
+1.746234e+004	   -1.549191e+001
+1.749362e+004	   -1.561794e+001
+1.752489e+004	   -1.577295e+001
+1.755617e+004	   -1.594917e+001
+1.758745e+004	   -1.609234e+001
+1.761872e+004	   -1.625251e+001
+1.765000e+004	   -1.639935e+001
+1.768128e+004	   -1.652185e+001
+1.771255e+004	   -1.662101e+001
+1.774383e+004	   -1.670291e+001
+1.777511e+004	   -1.674334e+001
+1.780638e+004	   -1.676431e+001
+1.783766e+004	   -1.679480e+001
+1.786894e+004	   -1.682549e+001
+1.790021e+004	   -1.686357e+001
+1.793149e+004	   -1.689768e+001
+1.796277e+004	   -1.692220e+001
+1.799404e+004	   -1.696759e+001
+1.802532e+004	   -1.703815e+001
+1.805660e+004	   -1.712596e+001
+1.808787e+004	   -1.719775e+001
+1.811915e+004	   -1.729468e+001
+1.815043e+004	   -1.740538e+001
+1.818170e+004	   -1.751131e+001
+1.821298e+004	   -1.765456e+001
+1.824426e+004	   -1.780320e+001
+1.827553e+004	   -1.797207e+001
+1.830681e+004	   -1.813497e+001
+1.833809e+004	   -1.833768e+001
+1.836936e+004	   -1.856430e+001
+1.840064e+004	   -1.875966e+001
+1.843191e+004	   -1.895518e+001
+1.846319e+004	   -1.910852e+001
+1.849447e+004	   -1.923879e+001
+1.852574e+004	   -1.940735e+001
+1.855702e+004	   -1.959276e+001
+1.858830e+004	   -1.976599e+001
+1.861957e+004	   -1.991696e+001
+1.865085e+004	   -2.006879e+001
+1.868213e+004	   -2.017239e+001
+1.871340e+004	   -2.025226e+001
+1.874468e+004	   -2.029545e+001
+1.877596e+004	   -2.027977e+001
+1.880723e+004	   -2.020289e+001
+1.883851e+004	   -2.011316e+001
+1.886979e+004	   -1.994532e+001
+1.890106e+004	   -1.975086e+001
+1.893234e+004	   -1.957775e+001
+1.896362e+004	   -1.942592e+001
+1.899489e+004	   -1.924793e+001
+1.902617e+004	   -1.904480e+001
+1.905745e+004	   -1.882253e+001
+1.908872e+004	   -1.863596e+001
+1.912000e+004	   -1.844264e+001
+1.915128e+004	   -1.826030e+001
+1.918255e+004	   -1.806743e+001
+1.921383e+004	   -1.791134e+001
+1.924511e+004	   -1.777373e+001
+1.927638e+004	   -1.765342e+001
+1.930766e+004	   -1.753749e+001
+1.933894e+004	   -1.741593e+001
+1.937021e+004	   -1.730951e+001
+1.940149e+004	   -1.720296e+001
+1.943277e+004	   -1.708880e+001
+1.946404e+004	   -1.699210e+001
+1.949532e+004	   -1.685242e+001
+1.952660e+004	   -1.673730e+001
+1.955787e+004	   -1.659309e+001
+1.958915e+004	   -1.643771e+001
+1.962043e+004	   -1.626619e+001
+1.965170e+004	   -1.608662e+001
+1.968298e+004	   -1.591261e+001
+1.971426e+004	   -1.577986e+001
+1.974553e+004	   -1.567635e+001
+1.977681e+004	   -1.560184e+001
+1.980809e+004	   -1.554899e+001
+1.983936e+004	   -1.554825e+001
+1.987064e+004	   -1.554298e+001
+1.990191e+004	   -1.555652e+001
+1.993319e+004	   -1.560424e+001
+1.996447e+004	   -1.566509e+001
+1.999574e+004	   -1.573929e+001
+2.002702e+004	   -1.582859e+001
+2.005830e+004	   -1.594777e+001
+2.008957e+004	   -1.608793e+001
+2.012085e+004	   -1.623303e+001
+2.015213e+004	   -1.640450e+001
+2.018340e+004	   -1.655945e+001
+2.021468e+004	   -1.668682e+001
+2.024596e+004	   -1.685038e+001
+2.027723e+004	   -1.696617e+001
+2.030851e+004	   -1.709113e+001
+2.033979e+004	   -1.720895e+001
+2.037106e+004	   -1.735155e+001
+2.040234e+004	   -1.748118e+001
+2.043362e+004	   -1.761014e+001
+2.046489e+004	   -1.774394e+001
+2.049617e+004	   -1.785905e+001
+2.052745e+004	   -1.795350e+001
+2.055872e+004	   -1.806633e+001
+2.059000e+004	   -1.816739e+001
+2.062128e+004	   -1.828288e+001
+2.065255e+004	   -1.837171e+001
+2.068383e+004	   -1.848033e+001
+2.071511e+004	   -1.854262e+001
+2.074638e+004	   -1.863341e+001
+2.077766e+004	   -1.870719e+001
+2.080894e+004	   -1.877849e+001
+2.084021e+004	   -1.884275e+001
+2.087149e+004	   -1.891913e+001
+2.090277e+004	   -1.897967e+001
+2.093404e+004	   -1.903802e+001
+2.096532e+004	   -1.908871e+001
+2.099660e+004	   -1.913829e+001
+2.102787e+004	   -1.918685e+001
+2.105915e+004	   -1.922243e+001
+2.109043e+004	   -1.927942e+001
+2.112170e+004	   -1.928247e+001
+2.115298e+004	   -1.930974e+001
+2.118426e+004	   -1.938840e+001
+2.121553e+004	   -1.945844e+001
+2.124681e+004	   -1.953972e+001
+2.127809e+004	   -1.962111e+001
+2.130936e+004	   -1.969609e+001
+2.134064e+004	   -1.977056e+001
+2.137191e+004	   -1.984241e+001
+2.140319e+004	   -1.987298e+001
+2.143447e+004	   -1.990574e+001
+2.146574e+004	   -1.995708e+001
+2.149702e+004	   -1.999142e+001
+2.152830e+004	   -2.002912e+001
+2.155957e+004	   -2.006005e+001
+2.159085e+004	   -2.010051e+001
+2.162213e+004	   -2.010827e+001
+2.165340e+004	   -2.009753e+001
+2.168468e+004	   -2.008595e+001
+2.171596e+004	   -2.006148e+001
+2.174723e+004	   -2.002526e+001
+2.177851e+004	   -2.003802e+001
+2.180979e+004	   -2.002969e+001
+2.184106e+004	   -2.000809e+001
+2.187234e+004	   -2.000780e+001
+2.190362e+004	   -2.001205e+001
+2.193489e+004	   -2.001507e+001
+2.196617e+004	   -1.999195e+001
+2.199745e+004	   -1.997424e+001
+2.202872e+004	   -1.994633e+001
+2.206000e+004	   -1.985829e+001
+2.209128e+004	   -1.976510e+001
+2.212255e+004	   -1.967260e+001
+2.215383e+004	   -1.957182e+001
+2.218511e+004	   -1.942695e+001
+2.221638e+004	   -1.928788e+001
+2.224766e+004	   -1.918587e+001
+2.227894e+004	   -1.907628e+001
+2.231021e+004	   -1.898221e+001
+2.234149e+004	   -1.888615e+001
+2.237277e+004	   -1.883191e+001
+2.240404e+004	   -1.877279e+001
+2.243532e+004	   -1.871850e+001
+2.246660e+004	   -1.867029e+001
+2.249787e+004	   -1.862115e+001
+2.252915e+004	   -1.858999e+001
+2.256043e+004	   -1.856986e+001
+2.259170e+004	   -1.857204e+001
+2.262298e+004	   -1.859557e+001
+2.265426e+004	   -1.864541e+001
+2.268553e+004	   -1.869557e+001
+2.271681e+004	   -1.876060e+001
+2.274809e+004	   -1.885826e+001
+2.277936e+004	   -1.893806e+001
+2.281064e+004	   -1.905475e+001
+2.284191e+004	   -1.918854e+001
+2.287319e+004	   -1.932842e+001
+2.290447e+004	   -1.949774e+001
+2.293574e+004	   -1.968500e+001
+2.296702e+004	   -1.988333e+001
+2.299830e+004	   -2.002074e+001
+2.302957e+004	   -2.018685e+001
+2.306085e+004	   -2.027770e+001
+2.309213e+004	   -2.028391e+001
+2.312340e+004	   -2.029468e+001
+2.315468e+004	   -2.026239e+001
+2.318596e+004	   -2.025955e+001
+2.321723e+004	   -2.030655e+001
+2.324851e+004	   -2.035809e+001
+2.327979e+004	   -2.036597e+001
+2.331106e+004	   -2.047147e+001
+2.334234e+004	   -2.048482e+001
+2.337362e+004	   -2.058784e+001
+2.340489e+004	   -2.067158e+001
+2.343617e+004	   -2.076146e+001
+2.346745e+004	   -2.085250e+001
+2.349872e+004	   -2.096582e+001
+2.353000e+004	   -2.105771e+001
+2.356128e+004	   -2.110085e+001
+2.359255e+004	   -2.117034e+001
+2.362383e+004	   -2.117286e+001
+2.365511e+004	   -2.119009e+001
+2.368638e+004	   -2.118826e+001
+2.371766e+004	   -2.120872e+001
+2.374894e+004	   -2.122225e+001
+2.378021e+004	   -2.123202e+001
+2.381149e+004	   -2.118077e+001
+2.384277e+004	   -2.112310e+001
+2.387404e+004	   -2.105913e+001
+2.390532e+004	   -2.097976e+001
+2.393660e+004	   -2.091558e+001
+2.396787e+004	   -2.078050e+001
+2.399915e+004	   -2.068040e+001
+2.403043e+004	   -2.051649e+001
+2.406170e+004	   -2.036861e+001
+2.409298e+004	   -2.020009e+001
+2.412426e+004	   -2.006767e+001
+2.415553e+004	   -1.990549e+001
+2.418681e+004	   -1.979304e+001
+2.421809e+004	   -1.964165e+001
+2.424936e+004	   -1.951243e+001
+2.428064e+004	   -1.936729e+001
+2.431191e+004	   -1.925523e+001
+2.434319e+004	   -1.911970e+001
+2.437447e+004	   -1.897424e+001
+2.440574e+004	   -1.888354e+001
+2.443702e+004	   -1.880953e+001
+2.446830e+004	   -1.875985e+001
+2.449957e+004	   -1.866097e+001
+2.453085e+004	   -1.858658e+001
+2.456213e+004	   -1.849379e+001
+2.459340e+004	   -1.849433e+001
+2.462468e+004	   -1.844715e+001
+2.465596e+004	   -1.837434e+001
+2.468723e+004	   -1.834643e+001
+2.471851e+004	   -1.834824e+001
+2.474979e+004	   -1.836199e+001
+2.478106e+004	   -1.836379e+001
+2.481234e+004	   -1.839270e+001
+2.484362e+004	   -1.845298e+001
+2.487489e+004	   -1.847922e+001
+2.490617e+004	   -1.853771e+001
+2.493745e+004	   -1.859701e+001
+2.496872e+004	   -1.865413e+001
+2.500000e+004	   -1.867187e+001
